14342
18809
30959
26458
14966
17073
6179
9469
27163
32628
24911
4074
25904
25894
17851
18257
12198
27395
27340
18061
21543
18646
32145
25555
19130
5540
25508
32680
22984
10988
20315
7660
14206
1469
30889
5054
2592
2772
24953
9690
17171
14567
11514
1489
29035
23070
77
27691
8642
21933
32446
12754
29371
237
18109
21896
20184
3299
12480
7072
139
31659
7649
2031
30902
30817
13668
25243
10934
10920
10156
23718
2864
23028
15118
10360
30640
3486
2066
9260
14022
9444
18038
29750
7462
27770
6413
32563
24397
29326
10078
27439
5777
15062
2454
80
13852
24158
25800
7972
23979
17676
783
3512
13852
3208
15779
32410
21052
2809
27473
10600
31140
31066
8774
20148
5979
24568
29538
17753
24983
12200
11320
21050
3743
19585
17751
2216
16499
29541
2141
30928
2459
27324
12058
6023
9
14637
12070
6605
7832
15514
19687
2421
7071
23481
8774
27768
4877
9436
12037
8848
14525
20311
4599
26937
21513
19423
17934
7985
27314
20940
10894
21942
19311
10864
13361
9843
10421
17769
16015
16973
21686
22599
14072
20712
4253
24856
11878
25709
7545
31339
20499
21182
5430
8500
1405
31643
15579
28943
24913
10113
6971
26138
16248
11879
29522
26143
14685
14034
4980
29167
13654
3538
16274
1375
20928
12640
30944
21375
15602
13860
7926
32027
17535
7692
10244
15185
27997
7261
17851
30537
24698
6237
8029
6021
23182
10759
27788
10195
19896
17108
4925
17593
11996
2976
31691
24654
2406
22225
2830
24979
25185
10715
18333
3527
5172
7673
18327
10444
3401
4720
32211
8357
14709
26191
10826
18012
10579
14610
30533
12820
3887
19528
1503
18454
31479
18891
12435
28038
7725
1857
3507
31317
4072
17055
3554
11571
3051
2183
29690
21284
12265
30784
8251
25614
26837
16162
4352
24751
25467
10065
9988
30998
11109
17158
6789
8792
27929
6285
25843
2156
20831
8718
17709
13560
12389
9367
15811
4152
30761
18428
26348
4894
13214
13598
9213
5671
30021
5087
10315
16280
13250
27018
22021
25520
2009
8899
19543
19112
31040
15626
27706
26618
7636
3578
11786
3989
15480
22505
545
31873
29676
24345
14169
24322
16301
12036
32607
18792
22388
2774
21958
27750
20593
24601
11576
23896
12555
32106
24915
31543
16382
10767
29246
2192
10018
1921
3078
6600
13645
24149
23223
4168
25029
31160
28568
22898
28619
3265
15936
13422
12059
32717
23756
1599
15907
14890
27489
1038
29808
1128
211
29651
7731
14939
355
5105
10069
14835
30629
29284
25519
19154
25681
27046
7298
16428
2224
4270
30297
8036
27263
27811
29562
1237
18122
31127
14626
31661
65
17898
10173
2209
20284
30248
13513
27135
22350
32542
2897
8504
12448
24220
18230
21611
5589
13916
13865
13283
876
15483
12835
12497
17863
28945
8858
4227
15137
3107
9598
14601
28779
12801
6401
17432
26899
8561
26769
10100
3189
4971
12188
11773
29813
3008
30634
17789
626
14898
12270
25215
30906
12502
20378
15534
32480
417
17113
13633
15826
1949
24180
3169
24981
27333
11957
9481
27288
810
15571
6547
2735
22394
6648
21799
18363
14675
24392
25723
2768
9141
22206
24036
24997
7380
29297
14751
20597
29769
23582
19204
24027
4085
19292
12867
17971
6416
7107
8781
8311
9712
3668
5372
19655
9149
32720
13023
23423
1382
20678
27215
19302
12159
2046
21041
8414
25174
28629
31018
29518
2236
22250
32031
6215
28046
6279
10292
13629
19807
23462
22524
15492
19997
32331
1302
16292
20468
2344
16641
14796
21192
16907
7409
22668
6138
15642
30089
19683
10531
24875
32137
29603
26613
3214
24779
12964
12071
23971
26466
7092
1073
12661
17211
23068
15955
5157
11823
10105
8049
10792
288
12699
7218
24069
18153
1128
26745
28595
30740
3990
13334
9929
14213
10110
11896
7153
2495
18805
29757
19030
3094
26537
7799
5822
24513
24885
22253
17237
14781
21897
8734
10991
28785
24861
22561
5558
21524
9804
24708
732
10930
17795
27073
15821
6566
27486
26450
2645
23827
19958
162
7658
30010
32470
10981
26749
4338
3007
28481
11184
6047
31427
4341
5617
20048
3474
30881
8736
11460
25132
23904
9550
15926
20671
32179
19704
15959
3774
20049
18100
10537
9590
31433
16738
5438
26659
931
15320
18540
31934
17627
31616
4316
8609
31499
16415
3082
44
27636
26375
18710
32339
585
25909
1233
32522
1901
18675
9714
25481
32703
27381
26383
4615
25410
16142
28042
14153
17224
6082
10956
2601
13155
15584
1629
31667
13810
4724
23395
13803
19626
5703
1085
23514
24363
24167
24060
1060
2452
13864
14405
15966
22507
29032
1874
23187
24911
21835
5997
30209
31079
28978
10206
27368
31693
15793
13284
28701
23909
31775
21789
27360
30687
20076
9358
19288
22930
1188
18193
11341
7735
1989
12826
5186
3819
5040
8020
12239
28183
14854
10025
19891
27062
21938
15653
14548
22143
4451
7880
1185
16764
7478
8952
17032
21694
12565
28756
29943
22771
781
20210
21810
18218
17177
31019
17895
28002
25775
29269
11329
19228
3174
7584
7038
14414
30270
27403
7915
18662
10537
31269
28593
20394
21956
637
31628
7605
26936
13225
6210
29196
14092
12247
23107
3434
25188
2523
15580
11733
29520
26968
12019
16925
11756
14146
17929
11568
18314
10759
13763
9855
4521
19724
16092
2464
13758
9323
31711
4388
29098
23841
2412
13154
17294
676
30915
32217
29624
614
27930
1847
14097
16508
24153
21205
2154
3386
11920
22200
10060
24019
19321
29758
25559
22460
22842
24604
5721
8608
20396
12971
11422
10827
27481
771
6349
2085
32612
24527
23292
25922
19994
29538
19221
5170
18157
17822
799
7408
243
18467
15878
11128
16439
9149
12220
12999
16071
23796
13873
18063
1082
15438
9571
21238
20269
9070
12592
8727
29394
18967
3346
22260
11036
7563
4283
14939
19981
3329
7803
9365
6607
11408
28706
20763
2140
12474
15167
24438
7219
7388
8022
752
7058
26613
24255
1515
15773
17076
7720
7157
11427
4684
31794
15580
20410
18184
26308
14880
12706
1659
8822
11696
1714
15043
7776
9044
30831
22686
9451
15081
21432
26031
17633
6327
301
27448
30247
2666
13925
3709
24887
7309
27698
7914
28010
7388
6426
3869
3105
9790
20919
17021
29910
24986
18287
19733
418
12133
1263
29753
8080
11938
2637
12878
9163
31980
22185
3062
16813
8734
3133
31656
4454
14864
28328
2821
24145
3151
28424
21420
1023
18052
11291
14146
3516
27888
19908
23492
15370
11484
3864
19936
21976
2813
17489
4582
10670
11669
16006
29759
20396
29468
22679
13447
4292
13632
32056
15080
8031
9658
9105
12855
8149
28927
12269
16235
32457
32494
31525
4878
27434
20063
19367
21952
22390
17169
20918
29674
20276
29638
24027
11613
31069
7994
28429
32551
1836
142
10220
10879
30144
7197
22645
27241
6213
13164
1116
25305
19946
12797
6808
11140
27614
2695
19354
24917
12465
9716
1758
22181
30960
29201
4316
2167
28833
19811
15482
29531
27908
13054
15303
19090
28536
6106
27488
25209
19051
21647
29659
12672
30405
5280
32738
9564
24299
28195
21377
23233
32186
28965
16330
11105
16956
7878
7382
11556
25183
9779
22858
21997
20120
26153
24213
7027
9699
22909
17650
2131
32440
12770
13301
4527
6670
14159
17162
25469
7201
16262
26404
22298
6107
19363
24504
4660
21560
4092
13867
14973
30788
27866
19667
12587
19283
22186
10859
463
16740
31541
8582
24798
19222
16980
27839
3263
16577
6602
24391
11999
28315
31107
26033
6707
24913
4098
26776
17965
26715
15595
30034
12637
7184
12393
5050
23377
24145
944
24586
15663
2607
20365
18964
31553
27020
6364
26649
23106
13627
10181
25870
24288
28973
14742
22486
14357
32067
9773
8363
22415
32499
3501
1560
27304
15306
10951
30101
9616
8100
32606
29575
15485
30489
11364
28298
24547
9469
10167
27590
15312
28481
25466
21198
29601
1719
975
8172
310
14781
22226
13890
21336
29741
13173
25233
7145
1814
29424
15218
18408
15211
9954
16940
5228
16314
18471
1581
1780
28565
26530
31403
29211
6988
16178
4333
25877
11151
9896
12244
9435
21722
15698
24424
30035
3321
30361
19759
24529
12899
8427
4656
30193
11931
11448
8925
3860
26244
10635
4790
29211
29081
1161
13058
28414
9630
22465
29915
29238
25989
5035
28055
29316
17721
15850
17079
3571
17737
3704
27892
4599
3573
10469
18709
21091
30965
23662
5288
24305
3716
10507
31445
8236
12317
13353
4094
25641
19588
31973
2795
21295
25810
27571
32466
6052
13269
10275
21310
5567
1472
5356
26978
8568
8834
30703
2285
10402
21321
11447
7104
13149
20895
20884
20249
21073
19167
2140
12947
23645
8161
30777
25161
29154
4596
5729
11962
18438
8624
23960
31800
17722
3159
22346
22455
31067
10332
12917
9144
5940
10309
30909
6783
23802
2279
1675
2732
5106
10319
19648
31196
1971
12980
23357
14260
1939
14064
27099
5673
15071
15413
13273
5903
10791
18621
24740
12018
10125
23604
6454
27078
28930
3191
17977
28914
144
2166
5665
15931
22534
24543
14229
17875
16405
31017
9065
16326
26938
5338
10678
17096
31777
2828
7895
11540
12787
17519
19672
20898
27707
12566
4200
28759
3159
11326
1510
13697
5522
13403
18840
10921
28173
3805
9055
8137
18437
29967
16256
15605
28332
12199
12888
5393
2058
11264
7763
13855
638
24702
19228
15625
15547
8819
31041
30334
19078
17678
29441
16460
11653
7026
5737
17821
954
24222
31678
20436
31938
17977
17007
11709
16915
11337
3484
26533
3338
15670
16582
10805
3335
25253
16548
32347
450
26578
32115
14792
27200
5167
1567
29801
13425
9671
30647
30772
4444
18146
15154
31714
8319
17773
73
4746
11687
13410
24813
14938
25710
29091
2193
17327
4797
27666
21391
10415
18169
10763
15988
5843
966
24713
19408
31407
520
6023
14700
16855
11673
20769
20929
19258
137
14616
17725
1783
17482
16740
4475
3444
26958
12309
11655
9580
3403
5039
31962
23575
30764
18652
2242
18720
6696
1833
20559
4995
5740
8231
93
14058
31608
29618
29166
14825
9804
32061
8946
9050
21046
27521
11087
23065
380
27009
19049
21540
8558
2756
26093
31745
29963
22922
9297
31573
18785
24036
10106
7503
30940
97
13313
21178
26466
31407
4215
13859
4103
3580
9922
5617
2131
9379
28572
23615
16308
8203
8408
14526
20299
22848
19191
5290
31434
9973
8108
26650
27748
13131
24177
5786
5486
17918
29400
17558
6064
12658
20310
25353
17155
2869
21844
14743
27223
31557
29431
21737
7257
20162
2638
15690
1890
11589
6067
30992
15277
19946
13623
20464
10039
999
23190
13068
20293
24202
8320
4504
30787
23243
1492
8282
5657
16222
28386
11437
21630
18938
3713
25562
27004
13535
20209
26615
12053
166
15445
31953
27109
11549
5957
6046
29281
22333
17189
22491
58
1301
22235
22803
28879
24384
23453
26075
11362
24446
19987
20630
26420
13751
1049
23316
30924
13379
11308
30707
6624
17774
31090
10276
1850
22479
31225
32583
26825
5554
5855
9030
9673
21205
26072
22955
27135
965
4449
17743
22113
755
32067
25334
25663
10332
12037
12464
15925
31615
13898
24391
5816
29253
6775
6378
29583
9460
12587
18237
26678
24095
8136
6790
11230
28374
26407
26600
32559
6614
6246
24381
23586
9043
29378
30051
2848
15434
6858
31408
15345
11353
22095
9565
29171
32029
15282
11800
12234
5193
23278
5874
5345
9344
25307
25231
15410
5715
24623
30761
18794
14715
29925
10135
667
11830
32555
15601
11120
22312
20416
4653
22156
8769
7400
14897
14482
10988
20332
21554
4928
19931
14965
21343
3846
4636
26570
15946
15245
13211
28088
23483
18579
31630
21325
6324
23610
26643
10204
16665
13829
17878
5048
21857
31449
31495
21406
8538
25289
27796
29187
20331
30597
23277
12411
28872
15404
10421
23637
31744
19972
2914
27306
2506
4721
3265
9730
12974
23732
13406
6442
22789
19401
18250
20569
20060
10080
6256
20487
18634
25777
14893
13781
29904
3719
13757
8071
13063
9126
30314
20746
13656
32746
29478
6485
29851
26105
28992
10453
7694
8272
19720
11911
3315
20187
26680
24258
6943
5837
6714
22060
22125
29961
73
20428
13463
12281
17471
25252
5961
4938
32626
24105
10855
28605
26872
11810
20107
17539
13231
15493
10851
20307
16273
15110
12382
29818
8937
11075
17317
11938
22842
26171
15733
25539
27191
20103
11001
26796
5269
8356
14024
3534
24270
21009
3725
18636
12275
12501
1391
22479
12423
20334
25034
7933
20679
5876
3525
20412
32207
27148
30099
26625
3358
11556
32672
18527
3374
28119
6546
7676
28365
17719
12746
13129
7578
11905
31841
14417
11959
3485
5118
3881
28917
28307
19861
24142
29908
20354
6449
16421
27191
9631
7704
19197
4077
11519
26832
10756
6649
30586
32523
10447
9973
13173
8716
11702
6959
9027
16475
23258
26737
18076
21954
17679
22430
4997
47
31019
8779
24059
5079
10184
25584
22008
28827
19521
12562
22357
1660
20778
21612
6149
8232
29200
3019
24073
22953
22777
15920
31252
23407
24754
2444
14986
24104
17948
28002
15604
28730
15630
1082
9201
7866
17713
9653
24744
649
1542
17411
13569
2802
31228
17204
27564
20658
8710
24632
2540
21382
11414
32401
7211
30156
9022
29548
32380
25947
30216
30850
15931
26757
22891
14663
23816
1447
6574
13354
15797
17982
28615
627
25078
18476
22319
13577
1046
19643
8776
26008
17626
1412
27267
19935
1949
23981
22725
9006
24083
12935
327
19825
5848
6429
21075
31709
3061
32214
292
11443
15835
7451
22327
2932
3713
23043
5928
28105
23767
1450
27501
21458
28680
24407
28689
10242
19183
18329
19852
20714
11848
29667
26695
24375
25115
32087
24230
8125
12082
7085
20010
16564
14112
32275
31396
31979
13127
20789
22924
31449
27352
8296
12076
7628
26672
5152
9418
21839
17797
16541
1877
30331
15842
27472
6148
17482
23869
24966
12877
3308
20453
5007
14784
17639
31597
20378
216
14131
28882
19944
3863
6543
1391
18904
9940
19020
23545
23378
6863
21384
1264
11399
2112
7356
11592
6382
17498
28839
14871
11085
10809
11594
17778
19112
8971
18619
23837
28439
26328
13377
32356
9968
31527
23259
2121
505
11281
8800
17042
6658
13383
27147
22149
3106
13260
5313
10521
812
22411
9445
23109
20604
2534
8089
27261
23017
31400
30284
24343
25173
14103
20381
1299
25607
18966
940
30248
32553
26743
23859
24942
670
398
25135
28732
19048
1858
22550
25532
23082
21644
29910
20225
6629
26652
4942
26777
29114
25206
1674
22731
12864
31875
26768
14500
11409
25918
30355
6616
28990
28281
26153
16840
6991
19193
18659
7680
3192
29771
30598
30889
31356
3374
14063
23728
30396
26037
14783
26102
6469
20115
16149
3249
24075
18019
7115
17507
10175
9758
8120
31088
10166
503
14536
2075
6546
26466
19406
15125
10386
25816
27255
13894
8478
4666
31270
17985
18334
10088
7870
5999
4163
17350
22917
19785
4652
25487
10878
2972
7641
14361
22775
5608
7273
21435
24509
8208
26338
25051
9107
6973
18468
26417
20038
9505
19677
7877
11969
8557
22560
30155
15617
26148
21157
23457
30608
4285
10656
7661
4590
22883
18725
22465
7056
4439
27809
30799
28454
12591
16396
31519
3227
1750
4223
21299
20269
31599
11284
3155
21274
5016
32372
7424
6042
7562
28677
3659
6863
13869
22843
14214
1990
12109
18430
9786
22940
20937
11571
29275
17682
19974
3723
30952
17391
20503
13894
21145
28968
23885
9973
9075
17434
21642
15378
4878
20027
30848
21655
3668
26970
20674
28098
2903
27342
25096
13860
14527
8382
18995
4081
29987
837
16202
10494
27332
8619
22114
5917
19421
14303
5914
26468
20658
13466
22529
7895
28473
11525
19400
20716
23548
29323
30371
11262
17446
21927
18257
11393
24673
15505
31525
6340
7623
10087
9916
20328
3847
13124
4340
11592
27526
22145
32414
24936
4005
15206
8937
1689
20024
28395
18840
25540
23800
31861
6163
16968
10703
25374
4044
13460
3529
5719
17182
1719
20194
15336
13053
2066
22983
28819
14845
28644
15436
21441
10995
22552
215
4511
20880
16022
1275
17367
32093
19058
30868
27277
6598
15611
25706
26626
228
24459
27029
1907
16768
6289
27558
18855
30878
20674
20499
25799
21067
4549
25953
26465
29871
15550
10695
29080
28759
28072
9800
22475
24876
2512
4984
8660
14101
32399
2928
827
19126
10222
12802
23476
18978
15165
11888
28781
1404
25086
8004
1307
15369
6439
4313
22064
25040
16864
17002
10949
17117
24490
26582
29499
2765
8606
22497
8177
29270
4056
23546
19149
2155
31738
11193
4377
26882
2794
5458
5487
12386
2666
5619
18552
27986
510
5946
11201
31777
3663
21310
2638
19092
1886
5189
27781
3283
14198
14233
31361
20208
22578
1356
31085
29489
19517
8052
15423
19089
4608
1104
7811
11797
32640
30241
11939
29743
4414
918
30977
30830
31769
12152
19348
13673
24222
12133
12851
2210
21521
12150
12053
21470
28903
10892
17231
13724
23848
5142
18807
17305
15862
3628
13397
25141
23711
3127
9920
22285
9408
8468
27432
32040
29311
25896
2175
10723
28919
14580
17218
8391
10420
241
28281
23523
20264
30374
4888
24106
18737
16762
22044
17032
26095
20901
1719
11861
19883
5938
7646
27463
6813
6797
12161
4556
32397
9966
31274
14083
21540
6699
24117
1610
10489
23632
25116
3415
2291
12439
3104
6480
21502
7887
18049
21673
2103
15231
31867
22471
23983
31663
17554
23055
6941
21209
17549
865
23882
11496
17743
15760
15359
31878
9555
10629
23373
9526
10319
31909
3683
9884
20430
18777
5729
22567
16090
4988
16899
9340
19468
27719
22373
25256
6536
13204
10793
70
23169
12783
18515
7885
30949
25779
19076
2266
25825
28254
31594
14844
1077
1539
15351
15769
26396
24187
20239
32305
31970
10961
1136
24262
16045
15564
30810
28647
16469
21374
14853
21501
624
32310
9283
31557
25253
27599
7080
22288
27826
109
5799
26465
10495
16337
1652
31526
3772
17186
26862
4796
20328
18230
18935
4582
32262
11775
30192
12002
6842
23126
17105
21214
19067
26476
21902
29914
16166
85
9488
22988
24220
12150
5235
10164
12239
11149
19965
25673
19275
27211
14025
8698
3437
19334
18344
29719
10791
18051
22253
28216
20662
30022
15982
3747
27644
27890
15428
1849
10958
32229
9394
2245
20702
31300
1485
28780
21481
16359
23520
23412
26226
22507
26712
13959
18469
32315
23071
8730
10491
6388
14875
969
25519
27003
23402
10479
5568
16427
4083
7511
17547
14460
18754
17869
27775
5006
585
29019
15707
13545
11383
10839
18680
10773
22424
26253
18634
881
23960
16119
24718
14166
8508
21125
17676
9041
12566
30224
17982
18642
29736
13529
1759
11740
15937
6446
632
2655
12430
15536
1143
4319
28420
30777
14649
18267
1600
32731
19907
5597
1278
1273
12471
15460
3081
4050
30161
16494
19006
16714
9660
8401
11653
1587
29814
18886
4642
7951
24662
6557
23056
11855
29002
955
5584
9807
13295
15532
5201
12631
31718
15916
29783
24526
7197
16670
22121
13323
6548
25269
6415
11880
1040
10934
17502
1388
15096
21414
24968
21045
27929
2071
23235
24234
9199
11348
12216
32420
18712
20592
18495
15307
6532
10515
9490
24283
15460
13852
4708
22331
4352
18372
23822
22100
17084
32161
25389
13730
32357
28968
10981
15580
14271
11670
19579
1403
23477
29471
20566
31988
20364
8509
14352
32233
10667
19664
8691
23531
18508
12930
28711
2153
12323
23331
19258
5475
15462
8417
12824
21127
19041
7448
19276
3468
24435
30062
15781
27641
26834
13790
12352
14792
12359
3763
27854
20469
8914
6680
18503
11283
1325
16832
20402
11467
23595
31003
11726
2742
9137
27296
6642
6324
4089
16687
14036
13761
6486
28556
13278
7513
16101
11657
25123
31750
12694
9749
6286
2925
11967
7551
17497
255
14756
29903
30428
31092
1843
31406
25789
5289
30651
15506
10453
17484
25410
21466
20460
10748
32145
28248
14965
5616
11192
9281
10660
10464
22697
26342
5812
11251
29904
31316
4155
14029
11657
18222
1010
6034
17046
31690
20111
7637
22505
16152
17486
6064
12626
19013
20825
7362
22075
25652
19965
23673
1237
8375
18204
11942
18701
17829
16185
10794
9302
8600
14402
28645
12698
30482
2076
2054
32169
26402
32553
25505
23633
27349
15068
91
12250
5324
10178
8617
18174
2440
15906
2537
14206
31741
25439
18961
13654
19988
22712
6843
12061
13047
2657
23637
31870
25640
25055
32405
20585
22496
23752
16321
7888
11747
6131
5648
20698
13959
5945
29370
23800
16857
2168
22935
22691
956
23823
14245
31158
4748
11426
9064
16086
25709
14808
9781
31330
31586
26763
4884
15831
10627
4766
1441
18910
32644
13198
80
4292
14180
31877
1073
6335
13177
25379
30877
28199
2675
9757
2293
17863
10908
23641
27209
11344
10052
12345
18086
16872
13177
11656
21651
25629
17032
29637
29387
5575
28763
20200
1623
3129
15848
23156
4274
31209
7339
14141
18874
13560
7312
23666
12424
6044
5425
23757
14956
29632
10132
6369
32260
24093
18840
24896
31780
4167
19668
23044
19905
18265
24537
9973
15544
16580
15379
31046
2394
13132
19238
21126
12784
14408
3400
2946
6264
30875
26053
29618
21255
31539
20971
4549
32576
27911
2676
16482
25015
30280
29925
30029
7817
18398
11861
5699
22323
20906
10357
863
3112
25925
12179
521
23373
391
30436
31583
9621
692
12341
3983
16868
30422
22122
28088
24591
12647
14961
30772
23948
133
1150
4514
19666
10722
16505
13380
19674
27009
10665
14350
8487
19469
2589
8588
11238
12051
22789
20315
9843
27250
11923
9149
4594
15485
27809
21664
26679
466
19778
30243
9370
24835
28193
7215
19274
6437
10790
20545
27285
2248
22307
13580
24150
18132
6030
14467
18049
13655
29949
12438
5708
28113
2305
27521
1058
14370
12531
24441
779
20677
5148
24892
16758
31697
24969
6544
11977
15012
5335
945
19564
30278
29531
6170
13937
3645
8876
32018
10351
16767
27392
21788
3001
31216
20672
31550
15126
26400
26039
13398
23374
31452
23790
17016
8687
19953
14984
1933
30325
3310
24489
25822
31885
10991
4378
30145
9351
22261
10472
20854
11796
8762
21873
11043
10369
32712
20160
22299
22174
19499
17508
21398
19782
6542
32416
7374
11237
17463
17610
22619
20391
26507
17557
5858
31622
23320
29872
2095
6263
10369
21687
15924
1410
21465
22297
20770
29292
30206
27255
26804
11963
3412
9350
21339
9193
4324
11668
6404
8330
17235
30036
4221
8949
16564
3685
17576
17033
23951
25902
22680
27198
16360
14898
6780
32466
17688
8329
27888
2363
4168
18609
28318
17225
32380
16727
21484
29444
4810
26510
22447
14190
12032
25270
26297
9309
22675
27114
21423
17932
19207
2523
21046
22151
1694
12734
31764
26881
5059
30869
405
27580
16541
21672
7083
9907
14393
15328
25768
8222
1045
27580
24137
8703
8628
23735
20475
24755
27237
23890
25505
6083
4844
6574
30555
28396
29184
24696
21449
1501
22777
13812
26510
32744
804
2856
1749
24579
28455
444
2209
9802
16608
3620
28107
14042
26603
23796
12097
18414
14425
3203
355
25603
10428
13565
14017
30090
19797
12351
4375
10602
7350
30148
25671
19777
20519
10949
421
7652
2687
14136
1889
2314
1854
289
14607
935
15714
18478
5105
26312
31181
3127
30199
26334
32176
23873
19064
28857
12345
16830
25845
14780
14021
16133
7109
30362
28015
24447
21715
11562
6814
10994
22807
19757
26516
10235
2038
28459
13062
21638
2878
6375
26054
7659
3917
26737
2984
11654
23066
21590
596
16509
31030
3940
1704
22249
17924
23578
23555
13973
17105
18223
10116
11598
10509
12221
13610
32606
30626
19134
10815
26460
10193
13222
24619
15636
14566
5808
31999
19696
7506
7284
13128
20190
25164
31351
1130
4018
12598
14835
6600
29936
17894
6590
12691
18088
14461
24580
7934
22468
28413
13246
22442
6656
26617
31424
30051
2205
66
6568
8208
20855
8833
322
19845
24196
8363
4731
16201
23107
8643
8528
884
20406
961
5066
20813
11696
28604
29056
63
24592
10415
14841
28565
29791
16731
20674
16940
6751
2976
19251
19359
18508
15853
20738
27907
30956
2906
2415
17421
7513
5279
6528
9469
31458
19548
15718
4720
17566
8252
2024
62
28920
27126
122
23784
10297
20574
30090
15754
23581
2258
3751
28876
11344
9163
12007
20129
22468
21040
6382
8889
19740
32400
14913
27456
26943
24094
10323
26878
31106
13662
25320
10115
3701
21112
19360
16667
2766
11866
23258
8584
4910
4428
11587
1048
15877
15993
26457
3968
7925
24626
29599
17353
3223
16089
2244
15652
19105
31600
15793
14251
1931
17089
15950
18864
24498
16169
23858
32672
19493
23872
16167
26489
21300
6666
8653
2956
13150
31608
20157
14183
28167
13742
7286
26076
7350
27197
26226
14676
12661
22144
30049
25443
7442
16148
32286
3737
14220
15472
27415
20765
16468
30447
16505
13551
13126
3459
5879
3663
23334
18351
12292
22813
9211
4192
21219
22671
21864
16756
3701
18712
21071
720
13468
13961
5570
22071
22597
10676
13994
6452
32434
27041
28097
28367
29225
4241
1550
719
1566
22488
27366
598
9632
25527
3389
25585
6601
21811
2792
19812
17389
11196
27576
14438
9262
27137
14859
21304
19557
7675
27338
19899
9629
13932
14990
20294
31565
146
30977
16330
7239
9141
2480
26039
17515
26772
29592
19222
2099
3421
8904
27658
29369
30426
184
20116
7161
30973
21258
8152
9039
11359
3219
35
4087
26669
13888
12755
20282
19064
14119
14170
20519
23278
14416
25801
2593
5945
28688
15824
912
10550
9637
26464
31796
8603
25977
7117
27109
29160
29266
671
14188
32602
9591
29922
2195
4953
29960
28359
19226
5082
17043
26563
7482
26362
31447
12065
9765
31823
8909
9618
28491
17532
7355
5472
26830
18660
17679
7098
13962
23882
24447
9995
9488
4859
8869
13701
15324
4348
7059
22483
16830
2536
8666
19649
6686
15111
11270
25985
30590
12238
32581
18188
1553
24527
29867
24105
12801
30429
634
5841
20736
1689
22365
14224
20499
11154
8318
25475
21578
20516
17507
20377
4963
10201
199
16268
15554
10160
7025
6894
3500
9322
28209
12398
22065
3118
32519
14388
18901
3929
26118
2830
21919
896
143
9483
1099
16165
2335
8674
2303
25123
9282
378
30992
3635
29394
26260
24471
9574
2928
5516
5601
20070
6359
25098
18769
15835
936
22776
179
6976
26749
23435
31076
27355
899
25190
4674
17646
29373
23790
6326
31224
21502
30859
28149
18906
7338
25785
6467
10826
19697
19296
15370
15756
4070
31156
23156
14030
19069
2103
5729
4400
2241
28354
27056
12231
20974
369
3214
18113
19256
21813
17749
17704
12538
18903
20356
25039
20705
17306
26368
12496
792
9838
4106
25073
17984
26560
32408
18169
13575
15859
32368
5185
11505
21909
30046
28609
28707
764
13675
23770
31676
32714
26190
21272
15557
1199
16622
12858
21630
30956
281
1907
14252
10952
24851
3083
4435
4804
26381
2886
19501
12894
20839
9600
28471
26462
23207
13619
31020
10252
11054
15585
5910
25018
14475
22902
726
1947
12110
31470
17745
5028
16978
5061
27101
5813
24263
6337
15637
28836
1495
24404
3783
30746
13857
13426
26726
20332
24359
28030
29472
616
12017
30527
31930
7678
30722
31311
29289
25279
14302
18775
22714
31626
30804
2356
1563
3013
14826
19616
32388
18341
24984
31148
24913
21790
24361
13759
14214
4616
5046
12636
20416
5321
9340
1944
4432
15574
30502
3599
3468
14622
19215
3871
26227
742
12313
30092
12542
8874
9100
16185
7210
12411
31900
19311
32527
5486
8244
1792
2585
29175
20862
31179
17250
2439
32283
29782
9242
31534
8987
13996
31114
31482
4507
22081
889
28204
10150
23313
16997
24871
16328
16114
12827
224
18665
2020
216
27800
18121
4847
8664
9821
31479
13263
24967
16822
9567
16513
8305
6166
26791
21766
23896
4514
15671
22233
15109
13872
27655
8448
5961
31958
19874
20803
23177
32400
28045
247
28701
16860
23156
19946
183
18860
9488
28341
3575
8002
2362
20541
20089
4554
7943
2538
797
27816
31391
8808
19870
18480
3382
20898
4183
18919
30305
9176
18770
11230
16926
10696
17474
12172
6583
22424
17424
12971
18874
32532
8661
531
4533
24982
12734
5973
17643
12690
1306
15721
10503
187
9986
6412
25529
25694
2085
31456
14792
28929
27714
24817
3432
26644
814
11463
28918
24571
20008
26880
22947
9200
15712
9233
5973
23977
6689
25742
32105
4616
8565
2763
19635
4770
9708
4631
2640
16653
12390
10532
19445
14006
18341
19879
14207
21906
12731
15094
28024
11706
7438
9578
2928
24359
30260
30766
1333
15643
20359
15755
18248
22700
22871
18895
19840
16161
19578
2244
22853
29526
1997
14708
2694
32050
18701
29439
9202
32050
1208
9832
31464
21764
20554
26476
22404
7245
16233
8357
29394
30209
24683
23526
5354
29831
5045
9185
20069
18777
1487
27787
29738
16611
8211
27212
17153
4050
29258
24071
16498
8930
14286
4047
2370
31355
9533
9392
28044
20380
29428
5179
11839
26758
25886
32536
2661
26223
28905
18774
29200
26818
30516
14302
11495
12646
100
9074
22549
5032
18240
14463
21302
28071
32642
32561
6010
8496
13227
4260
17697
18145
9476
27626
5072
3004
22420
26890
1814
28274
6349
31982
3613
22017
29683
6640
28132
9357
20215
18100
11439
16166
20716
9807
16228
30041
9725
2947
8393
25960
27626
1347
5768
13141
21886
15112
12102
6124
11505
28755
25343
15814
12978
15774
25060
7297
16407
74
21163
30389
29844
3619
1944
20280
24612
807
7740
6773
4223
23198
14260
10549
18528
21122
25143
14936
9836
3429
13485
26067
15343
11473
17107
23901
12953
30916
18692
21024
3079
15861
15750
24121
8100
10872
12927
10817
1577
20033
23296
14856
11670
6608
8984
11280
4464
8988
12918
24474
9074
16429
5003
31183
15114
23753
13763
23082
27720
22877
13476
21855
9399
13007
32491
13057
19595
31724
16994
9244
143
18877
30070
6678
27881
24267
5594
32575
24367
12943
30632
9960
2730
29948
31399
12345
13959
13591
3015
16569
20713
24456
17019
15163
10816
3104
25498
31139
20304
