29924
10276
4522
26846
7758
29403
21191
18548
22233
13061
10264
4945
25439
28768
21643
11731
4192
15382
21913
23020
9582
3769
27477
8755
7656
20429
12707
23890
31506
32427
24917
20047
22810
14349
19144
25425
28573
24891
15800
16026
28628
1266
7108
19513
13679
5697
27021
5258
9044
7067
26702
28240
13949
6619
9157
15900
21336
8687
27056
15185
19214
66
11229
1692
13113
24769
25659
19383
28355
566
9339
5318
26721
9969
12602
15283
17296
5900
6481
22852
7669
20899
2297
1521
1876
27138
2242
4034
3969
13006
21953
17397
3106
21618
7499
14645
6893
9895
21865
19757
3660
19358
21586
12396
7011
21504
308
22309
10062
5462
13401
25609
26169
13602
4237
21441
26646
22099
27418
28566
17411
22255
24825
13312
3930
13256
28270
12831
22165
32505
4935
8903
25595
25538
18449
10633
29631
11382
11115
21035
8288
563
28678
26921
32136
26507
9876
20667
28446
5524
17605
16158
16005
41
31565
11425
5903
3610
31970
32689
9141
2213
5079
29763
32684
3536
4093
3847
17346
8880
24742
4769
32113
31183
24479
24558
9977
25146
18434
29131
8147
31464
14602
30658
14977
6119
28958
12960
14026
15270
19999
4757
12031
15035
14530
6253
19571
26559
13856
20434
20908
5270
139
12422
32757
12663
4890
9737
20238
6820
6258
9634
26423
764
10526
24396
22176
16411
23389
26121
4617
2727
4834
22351
17390
20639
5758
19294
8533
24143
12670
12758
17338
15660
26260
873
973
16463
3115
23871
6793
17036
9369
12961
17126
14187
9256
6339
12987
23442
8892
1577
1556
16682
21080
22070
25293
29513
32057
22729
17333
9833
11039
15141
11962
549
9668
26256
17219
9231
25667
1948
28511
8917
24437
23196
25830
27239
27955
21465
27948
25676
7779
7019
25407
21478
4278
2651
26723
12261
5145
8079
15628
29995
17607
2263
7748
9830
13997
16222
19948
31462
2102
27151
26770
21796
28723
29484
7954
9865
30292
13410
220
20033
9142
12617
2297
19433
1307
15460
12423
18788
17
23652
9327
11806
25263
25973
15961
27567
6709
24857
20012
20916
13305
30674
8717
25828
16268
6243
23437
31541
19021
18646
32069
29625
25833
11384
12240
9885
32283
5189
5220
3424
32291
7204
6811
17408
31887
2062
16868
4716
32550
27498
29509
7739
14334
11693
21994
10728
14380
25919
28990
1115
20564
3833
1871
27052
13003
7613
20848
16725
2363
2566
14495
11354
14962
1253
28131
11999
28320
6469
8579
6526
14936
8244
7716
24735
18720
19348
7355
1756
8168
31682
10658
9220
8465
17984
3456
15770
12090
23914
19568
23358
30448
14631
29830
5796
16022
16692
25853
20398
8869
28546
1753
32634
678
11925
74
25750
7364
11218
31172
5886
7799
1796
25648
1397
30235
11512
29105
7830
5749
17228
9556
2250
5484
27487
26856
11161
9550
6798
19430
16183
5219
27002
1689
15863
28608
27549
14840
13274
13120
1687
2002
29714
13169
18221
7898
17984
15322
17362
22217
1648
13208
17638
29567
19672
7323
22417
30613
26878
6415
8938
4261
12634
10435
22152
6082
25826
19667
13136
25438
32220
1920
18030
8254
23689
3150
26628
15758
9989
4572
30935
17278
21277
18707
8828
11253
23181
24930
27328
2223
9781
20370
4301
27314
16825
30064
21341
3916
25729
10525
27039
29892
3702
2703
13029
18656
7160
12519
8253
16234
9112
1846
32376
17902
2039
2680
18478
18244
28116
19636
23045
21196
30731
15418
10571
878
27104
31
15817
17091
14795
24630
27524
11782
11559
19221
10783
3409
23839
3797
27907
4936
15785
30278
11998
15786
26027
29347
18448
30727
6654
22725
27412
27858
3137
8917
4330
23462
13510
16816
31692
7624
22998
21948
21495
6480
21788
12694
32593
808
707
18215
20079
24368
17545
18894
7074
25598
18593
17728
20389
21402
23250
14940
27100
26616
17866
28754
12508
5676
26740
28179
31539
11228
410
2874
27680
30713
25037
31361
15502
21518
2370
22727
10378
12990
13735
12167
678
25343
11044
7220
31872
27667
13151
5907
20865
17862
4700
11978
26497
3887
9570
23965
26177
4799
8687
5975
14061
7236
9420
12586
17136
6636
17674
20202
28984
21335
25375
29300
1056
7268
24427
12640
16674
31281
23618
21021
12865
5916
15322
927
30419
23724
26734
8645
3844
3112
4993
26724
26374
4515
22838
5048
10099
24602
28316
2280
32761
18444
9207
28826
6582
22752
18455
19145
17273
18220
20163
25299
6051
30615
32204
6218
17094
7296
8596
23831
7801
14376
17478
29780
21180
4767
12083
5176
4482
23573
18006
1448
14446
11919
1261
17086
30818
122
16420
9576
3248
17059
31563
24838
20854
21317
7324
8302
25110
25302
7824
13395
12818
32215
25000
9522
25689
26201
24066
10772
18101
5059
730
3113
15658
27599
18944
24188
6813
14649
28539
26389
29350
24124
22880
16376
12089
7595
2814
11514
13545
6544
28378
10211
18171
28998
29453
21881
26290
5978
14478
2963
5140
8522
30975
14635
20068
13731
32419
312
24653
5868
14340
25144
12844
28590
2974
370
28659
9982
32007
11783
13600
13301
16475
9495
30673
2622
5499
320
5072
4243
30841
30542
11581
7331
17838
32180
22077
30921
27837
10960
15373
25170
10243
19527
8280
13805
626
593
6830
22671
5768
28148
8072
20017
23276
11358
23770
11432
15579
2044
9563
7289
30434
15618
2194
19742
26279
17237
17747
16938
6417
6405
3152
9482
22696
4068
3988
10110
1045
2489
822
22853
13662
26847
22000
26536
16016
2589
12793
14765
1627
9607
18802
25312
726
853
5814
20037
18624
22019
23406
26240
8286
27771
1995
30839
5584
22978
15316
10542
16820
27317
25469
28770
4323
12991
21924
6093
3734
17681
6906
670
21670
20694
16646
10315
17528
22690
7502
15022
21356
20800
8866
17617
21983
16567
24074
4107
27789
15537
26803
30444
23663
14397
7916
11743
31780
24104
5053
25277
13665
24301
6413
17264
29379
32172
17213
2162
8089
16552
29706
5609
32409
27632
2174
30071
5307
28727
15370
25714
14580
26181
13541
12160
21438
2971
15036
26179
22775
12230
29726
20992
22083
1856
4827
18582
19267
14470
27543
1885
26077
16298
30100
21483
699
23193
12500
8770
29561
8146
10934
30957
24106
8962
13619
16412
26350
5409
941
20809
1879
32696
13891
4441
19642
11239
162
4224
3397
7683
25211
29118
2334
21654
27714
21084
24315
28411
3549
5646
21674
14219
31025
8530
26909
19476
14484
7571
18636
22340
21255
25629
31002
3174
16914
29202
22815
9336
18481
1620
27028
8282
11801
12561
23113
13578
18624
26538
18516
1053
17833
28299
18529
30413
6428
30173
29391
7665
363
18544
26442
10107
8928
30975
23727
12753
25769
7449
20712
29022
24277
8374
726
31309
16350
1401
10769
3980
19201
25254
11570
5222
13413
7344
13967
17630
5830
22821
15070
2133
22523
26614
30557
7571
25820
5724
10812
13274
16688
20050
7439
20022
28523
32718
6649
7967
13067
15968
28350
3127
8690
5369
19073
29146
26553
2501
12385
28476
8944
28577
6282
1013
27961
290
4069
24455
8659
27002
18464
25609
32281
28300
18904
9208
29215
20974
676
19797
28806
8767
3031
5281
32131
6718
22373
14712
14145
26222
11786
30327
15915
21679
25215
21835
16997
29538
5709
12626
3966
28890
5767
31564
20671
32045
15186
28848
16965
31414
24615
15515
8433
24430
30168
28571
11803
1947
13300
16786
2373
24993
21910
1764
32614
3379
30600
24658
11207
13034
11466
11671
26408
24906
20803
23334
8619
27817
5563
7344
13759
16082
8182
27118
15694
18973
27325
2610
5837
25663
19972
11368
8631
32554
24542
2364
12763
8800
9087
6621
25867
198
26631
21545
14803
2603
22031
4059
22303
20334
32069
8136
28705
18940
13817
23016
982
5114
9811
16166
13377
24753
22650
24840
7466
15777
18938
1780
17863
2264
14883
3495
23305
15456
16317
28437
16329
7205
2598
23153
28367
5190
32437
9178
17482
28577
29156
19878
30455
1666
29737
4185
264
653
24150
29750
20126
2899
179
11250
7297
26506
8444
4335
18881
4506
20832
4473
315
25484
17073
4960
25272
6724
17335
18730
9659
32458
7289
19970
2388
27021
11486
1626
17630
22851
23750
12133
19373
27800
27229
23080
17987
3448
17233
27292
24138
23996
26764
22679
11828
1578
2164
23636
27648
30312
25764
15771
20878
23232
16459
3281
2307
30995
31457
4838
24258
16418
22949
2570
3219
11715
32632
29973
5652
24780
30801
17993
32676
22522
29899
23604
1471
30011
32087
11903
10395
26047
4976
22796
28722
922
7782
28098
17187
21412
31343
9039
8222
9588
1661
6927
6001
6471
25521
15541
15542
8892
26331
19029
19164
10766
17019
2055
29385
14388
20616
20159
15975
679
3024
9864
3302
9876
1904
30240
29412
14935
8152
8734
20760
29708
1196
274
12369
13114
28154
11985
31331
27406
9655
32738
880
22268
19257
22788
689
20898
5905
9221
23869
28111
6189
9732
20162
5506
25720
7414
28645
15246
2471
12466
3375
2306
16048
1100
11325
5092
31407
4173
10885
31256
13641
32041
7612
13640
5859
5971
3356
31048
24822
9640
13092
20287
6217
3597
20812
5020
23469
3630
24738
29192
10030
11724
6986
13979
20033
18811
1662
13438
26341
1801
15667
9924
21184
19417
14895
28134
23801
11194
23221
9441
9549
21422
7620
8204
4896
3527
23056
16544
22891
12071
29496
24035
24422
16411
1007
12096
11419
27210
7004
3889
20143
23707
31342
29139
26051
12852
4840
7919
19601
32285
9016
15746
13165
14329
32119
19909
19251
19532
25631
18777
10155
30506
1361
4366
30006
20615
12005
26178
19688
17342
611
19985
4850
20873
1415
2910
29397
19188
27754
8661
6515
17368
5926
8002
7961
16946
11351
2854
29573
4358
31428
21844
17189
6770
6034
17629
18151
3595
21076
17129
28700
10130
4519
27143
21167
25200
2339
30924
16768
26328
8531
4125
11627
20228
29456
27519
10575
3945
22057
14178
22935
13931
30300
4374
25066
13269
19175
6579
29675
27203
10
27934
27250
18194
14312
23360
21751
11504
644
23922
16279
8739
24696
6512
900
30303
3228
22901
7162
21318
28287
30869
11209
23059
10585
18931
3911
27727
26814
28875
32051
7098
27011
28983
10055
430
5217
18594
26989
4312
13798
23251
30430
25354
916
23949
4637
32488
9186
10765
7288
12709
26243
3028
24067
16837
12700
30854
13592
8332
4964
20762
15063
24668
11178
16899
10012
4969
16448
9436
4194
31063
8553
14853
8975
10776
14456
13824
4532
14870
6608
8146
21290
26188
20912
15744
22015
672
17515
1402
2775
20413
21303
22597
29459
9103
32541
16452
23627
10133
23624
30151
19275
1541
23275
17579
8665
10842
12247
22080
13970
14229
7548
24219
13573
18864
14091
858
7222
30318
27434
32314
10319
31505
2087
31632
12922
7019
28672
30196
8924
19894
18412
18775
9663
32559
16857
29454
8497
7424
17157
31847
10032
24464
8210
16867
10298
17155
16549
7489
2269
10477
13169
31591
15740
22924
17512
27971
27635
5470
10393
31553
27192
23130
2253
27017
27173
22117
29866
21134
32495
10379
14697
173
880
29569
9164
31449
10345
20724
28256
21972
17366
6030
20725
7129
101
28448
17055
25774
8235
18769
1689
9992
341
26078
27653
28975
1844
9181
19364
28527
18369
27849
27604
28307
6194
11379
13975
2640
4319
7001
22357
9957
21512
31072
123
22998
12077
24109
15002
140
20040
19321
24306
21616
217
19909
27394
5822
24603
24991
10598
20582
26755
12945
23693
24182
986
5028
15451
5216
16997
12461
11721
14421
14659
1504
31181
2589
30352
32575
31991
27162
18759
24268
12578
10841
17423
19302
32402
16653
29780
7103
29680
10788
15485
31434
12773
15769
25486
10662
32129
26561
15318
277
11126
9841
9625
3764
18377
13521
15415
32220
14598
24057
6475
8903
30622
9536
3981
4672
18652
8755
21905
1987
22591
22617
6972
9415
19447
17876
7202
4578
30787
1922
7974
118
32196
14568
12405
26424
12454
21306
16876
11666
6455
19231
19263
19375
14788
27252
28149
32298
27967
23268
19711
23340
2466
27164
11988
16323
700
29599
2526
29755
8547
3223
26976
10783
18636
7576
320
14518
26875
11437
624
30265
13842
32393
32506
31353
20220
30883
28397
1048
25681
5586
30645
15528
8244
19771
162
21448
7633
21617
17280
29941
32106
3670
19977
12918
31960
25624
16258
6562
15525
28294
7603
17479
16214
5558
30176
11477
8855
3355
29367
4372
15559
32719
8860
1207
14536
6325
15461
10872
20196
11654
25502
9823
22279
10764
20381
5319
4470
22090
32578
25026
27390
14665
19097
32087
23040
24488
1933
32177
15225
4252
30224
2487
19010
7896
28683
2125
20879
3981
32583
19238
23443
15320
21123
22894
17578
27831
2923
9534
8062
15403
27981
27860
14068
25537
32759
24040
10968
28580
9314
15772
12275
5121
14022
28464
24445
8329
13874
21384
28511
7519
3515
19627
16353
27448
19536
1893
28791
12604
27542
3559
21226
24500
12369
9704
3950
3254
23158
9941
18336
32718
5600
23361
32424
28778
7644
15570
14574
20883
9781
5790
30782
7420
19995
6919
13014
21955
22366
28962
31490
2756
69
3471
18865
273
746
12706
24409
19064
24137
27248
4961
19431
22277
6851
19605
15117
6712
13558
10137
15631
11104
8946
26367
1131
25641
25492
10642
4435
5575
31172
23082
30219
22099
14678
26522
17477
2911
12477
18696
12312
20669
14247
21978
22583
4821
23682
27827
31084
6509
1045
6519
14082
25900
15457
12824
6796
32052
6928
32454
4396
19403
901
32675
12643
32353
23967
7249
11825
3304
3081
25964
22021
730
32012
11619
8244
32372
13061
23632
32181
1413
8263
5486
1778
852
24720
30475
24017
16049
22405
19058
24595
15334
16486
25706
4240
2581
5748
1550
16253
8086
13415
2604
23239
3243
29532
685
12002
6438
20420
14773
2464
32514
15801
32716
25798
13911
13592
28047
4830
25116
11777
6157
19170
28718
1789
3295
22786
4177
16543
24378
16136
26491
23497
28940
557
18149
7749
21184
28079
28
25787
31800
1294
5569
20432
25025
7982
28164
26952
14501
6832
13705
4970
24118
16069
29420
16230
6155
18343
9266
18687
2917
714
4748
13325
2935
18767
17217
15638
11148
18946
28407
10341
11172
31361
17299
7527
17373
19439
19449
11756
17251
11769
29217
1304
11773
26298
2610
5288
3642
24828
4224
6266
15103
3393
28334
19536
19961
25483
15670
24699
18088
19636
3148
19344
15613
17296
13976
22310
17956
20707
15995
12963
5646
25957
22033
22598
26160
31604
22588
9053
29846
22138
25618
15334
3534
28693
21385
13264
27907
3443
3828
22163
21232
20226
17501
8
16380
16219
499
18484
8163
24305
17949
24207
28376
28732
31499
2616
25030
19239
6929
21340
32100
3786
11477
12681
13814
26119
785
52
26897
28939
13225
10281
23147
10572
10138
30716
22481
30841
18627
5988
10871
30486
3559
3544
13529
4198
13691
10058
17699
2852
7259
20375
13941
11948
7210
9104
21261
28644
11064
29573
2231
24730
22672
21265
9193
7519
22940
8243
32145
14779
14514
1
16195
12011
10816
11766
28227
404
17825
19952
14479
31608
5625
26552
17897
21481
5307
24606
9590
30044
9137
17435
13766
12748
2714
20071
13032
6366
31098
7555
6985
28704
17882
582
22719
10208
16002
25803
27935
17323
15639
25848
20433
28372
17838
21641
1462
15112
27082
14734
26993
16910
5504
7626
20322
15269
7157
6610
8222
15320
12850
16691
31483
17900
19746
39
2332
7040
16850
29899
21408
15582
1253
5758
9880
21537
149
15628
32374
30769
6578
14238
7274
25718
15947
18731
19530
9627
2075
23825
5634
30695
12437
28140
748
1989
15946
17719
22164
958
24032
30637
5199
5428
25378
32269
1053
2968
27595
20638
25260
3616
5839
3859
2145
9620
22455
28832
28985
10486
15404
15450
25044
30810
10674
18727
2198
17528
13686
30418
29531
4998
19172
302
2563
23353
26657
25472
25484
27231
22397
4388
5122
10662
26090
19312
5321
28639
1152
25539
31618
5111
18691
20279
24434
3839
23162
13092
3538
12251
4225
18135
9559
8717
19094
26630
19448
13618
18927
11170
156
17970
26197
20627
25709
27550
22819
28919
12387
18544
29602
23785
12641
372
21197
30967
12028
23568
6205
19086
18580
22121
16528
32326
1627
21262
29423
4496
17094
21847
6366
571
20224
12714
11317
29549
29470
12865
26643
3739
2134
29162
14640
950
25405
13856
16481
31944
20141
31831
30620
21469
1586
13810
25074
17731
20825
536
28774
23728
21780
28010
18131
22362
8180
30416
22745
8781
6618
10406
32044
26648
31730
7816
13418
27533
29794
3500
31790
4629
26037
32729
20946
31759
5486
153
10176
30646
4495
13422
21379
8309
6426
6185
13792
10065
20572
8097
30399
10979
8854
14247
30135
9326
8700
6919
16514
4986
20222
6282
30885
2561
6605
6269
3806
12569
32504
9066
28527
1764
5562
32535
15531
26654
25105
5298
32687
20407
27257
12398
30715
18690
15786
21827
32607
10200
24480
24835
22249
7846
16700
27228
9722
27874
28971
17617
32119
1354
30520
7212
23859
10752
7339
1198
13362
18014
30948
21608
17050
19510
30608
13636
27611
26087
5788
23355
6358
29773
28362
2531
8100
11108
30131
2214
16153
31287
16528
29367
12646
15806
28080
6372
4636
23778
10750
4665
25009
31070
23482
28168
28300
18332
20027
23136
28635
5322
25277
8142
12944
28831
166
2179
3787
18120
25586
8056
21108
1987
22668
1352
24926
5275
6638
32353
7257
27487
318
9079
12938
7231
20634
27864
32672
2535
16000
17549
17852
27585
293
10346
7311
2128
2959
22646
3933
27621
11871
14496
28775
12649
20010
24698
13274
6107
23700
29669
29031
19137
7619
11206
28058
12341
12863
19512
26817
11696
23380
3552
32677
6868
6494
7043
13392
28760
26106
16758
11112
3759
1082
646
16837
31814
4126
20708
28803
31633
18871
21345
7459
1621
434
15060
29568
16834
12417
12523
4844
10891
961
20360
15254
17268
28732
31015
13157
18795
11406
438
3094
21745
23578
23287
1244
4735
4511
7902
9242
16836
18309
25331
32377
898
30749
13505
15546
27611
20952
4944
230
30131
18253
8352
8129
9224
10244
4532
2235
23113
32064
5255
19806
12660
26440
12663
4300
6715
10483
24665
1855
16936
28400
17802
12475
11311
18999
12652
19865
14342
13734
32380
3303
27537
702
5402
31420
15863
3601
9260
1589
23703
14951
22796
24339
18478
24530
2467
13485
19912
3301
20600
7052
4751
25680
264
19422
9140
9223
21496
14868
4360
567
26793
26527
15392
17503
7033
20428
31102
18377
27254
23033
20181
15388
228
21037
11134
26410
32457
12174
3080
11867
26576
14652
12139
16101
28656
6591
11476
11667
2121
6288
12771
2673
2676
28672
13653
24595
32661
28371
11819
874
26456
21022
7790
17664
10178
25093
28641
30664
24546
1551
10328
11020
22748
8486
24469
31275
1278
3222
6781
12636
12825
30264
27497
19137
13899
31696
18094
30112
14628
21826
17052
15448
6491
17476
23875
10927
24946
19150
4955
12884
979
17058
9052
32600
27968
20888
29135
14840
8427
9253
30732
931
14647
19187
3808
32175
18006
19512
966
29198
28801
15390
9486
890
26283
27370
19336
20234
13392
8548
14583
15550
20089
24651
20959
23249
30364
8926
32244
8023
26215
30682
24327
15099
9632
5248
17863
10291
31102
17722
22159
32168
23551
130
16803
11519
1646
12974
4485
30200
23136
26789
27495
8036
32317
24970
9566
4800
23769
18556
8152
3170
24954
6673
5023
23706
10111
2266
580
29471
27671
23626
28786
9688
16689
18635
26338
2326
14337
7721
3866
5746
28872
17851
16121
20868
26042
6253
11949
28760
30058
12774
14138
16359
11569
257
23046
18823
447
7952
10934
17293
5662
12658
22827
8585
10656
23249
14464
24904
24521
17349
20407
12898
747
22016
16286
31461
1683
13735
11263
22007
11650
24707
27315
25293
18813
16961
6314
18290
1232
6491
4383
18846
425
9017
3277
4915
32449
27779
28576
8842
26156
27614
3301
12402
9931
13720
15178
9956
9735
14366
16102
10463
2721
10126
13417
17854
13127
10592
9130
1275
12287
11781
25348
32072
12326
2910
22886
27815
3202
5128
5221
27087
31518
25581
16676
22346
17187
17277
24971
5594
3150
3743
13192
29246
28018
11697
2112
22854
16062
9747
6555
13657
28424
4522
529
27549
29592
6767
14605
16289
28067
5390
14853
23263
4792
14521
11735
18656
9344
20489
19319
18289
28561
23198
30330
22342
15611
27670
814
15145
2026
1398
12682
11102
25016
30447
25999
19055
27884
5208
1741
22901
5260
4781
9061
13013
27696
16217
9657
19721
27644
3454
20026
31833
21833
4227
9355
26649
26639
16012
12140
10777
17429
3618
24442
30620
17782
22805
7410
19753
6703
20866
859
17036
9863
7141
25459
5953
30432
20146
27492
30555
7643
22425
22490
16853
27748
10736
2547
19336
12918
19549
7215
2246
2083
29342
5963
8074
28536
16594
25606
30478
17898
22209
26272
3492
26693
4123
12779
10879
5245
7859
16741
18833
22286
5421
26399
11736
3957
28739
20172
3964
5965
29024
24512
27949
25097
18381
24463
2217
10957
11521
9726
3005
20278
15549
2934
28411
990
26476
22881
10066
7463
29460
31673
8640
6098
11882
31611
19485
11265
22306
9146
7918
29513
28043
6243
5081
27268
15503
2372
7531
20184
24659
30263
17909
1458
1983
21618
27252
14094
9016
29479
10647
31845
8761
29549
22290
5556
25244
31684
20292
2130
1794
7381
9669
18015
20216
11177
16932
7037
16930
15299
19283
14033
25216
22600
13267
11063
26003
15160
5643
13140
11430
12459
4648
10242
12208
32082
21644
4865
22190
1019
14546
15123
29196
11142
24752
24642
12867
27826
31249
4501
16843
5891
1213
17434
12086
32733
12583
14275
22306
7493
16924
5809
24219
11374
1092
7436
13292
19427
19581
8239
15819
17060
25735
23921
6064
2686
23378
16069
12396
25764
22559
12164
30117
30818
18652
14531
24195
27112
29271
32748
28680
27965
16371
25263
4538
6600
18273
9399
6098
4643
14862
24168
20681
17292
1131
16857
6026
14484
8946
23948
7860
15474
18204
28199
22524
28667
15961
25145
23746
790
20427
2966
12895
14025
12295
25173
29710
17438
22389
3723
24441
27369
7201
4870
15797
2944
29527
6888
2959
4769
24967
16166
2636
20149
25290
25744
19236
1697
20065
5296
10806
8438
11112
6840
11970
20303
26549
3739
6596
4735
30571
6282
32542
17884
9637
20650
5421
20412
14621
23903
6643
23048
19506
13424
28772
16273
32078
9084
4138
4543
25417
16193
24499
17803
13166
19412
13728
6408
3602
11982
5691
21587
15949
30571
22777
4786
3017
9673
18268
11801
5546
20457
2275
27832
23562
158
5465
30418
26864
5066
29511
23035
1426
18834
27308
2922
13070
18777
14195
30907
22881
2038
3994
12219
1006
5321
18391
2331
31868
12533
6646
21384
5288
26380
10394
769
1343
1742
21468
16957
16627
7491
16986
14644
11947
6674
18368
30387
4983
11338
6206
28659
1867
18603
24592
29146
15292
22650
27773
272
18345
27933
5345
20823
24167
15949
18120
9000
11013
14596
6364
8654
21629
5082
32273
15194
14727
28738
12261
13867
9278
21510
22971
165
9371
30223
16574
4422
9616
18721
117
3782
2727
7195
6469
20410
15311
24252
28677
28199
30879
12319
26829
9088
1781
8599
26466
23904
18089
28382
20586
13036
32736
18485
10149
5411
11244
8068
574
12869
22468
22657
20068
19620
23911
7016
30679
29337
18667
11278
8468
30775
23916
10608
14632
28999
14196
22649
3942
7967
24581
30856
21619
3477
20339
8508
30106
16883
23154
30602
22163
16085
30075
6806
13427
13526
7945
17184
32174
10902
19161
19525
23622
11906
11349
3958
2743
22961
13794
14103
1449
12194
28723
9582
23591
4741
31527
3513
19254
1706
4
11175
22034
19869
32180
11444
15725
488
24912
2997
22670
25833
21562
29243
25757
4439
24471
23127
17847
20911
25524
18500
10402
4769
27353
13768
30331
12675
6157
31425
28757
5062
24712
32451
3296
12736
7995
10116
13457
2241
32598
15623
3114
13682
26474
21808
11897
24904
27338
28356
12145
30062
16137
20850
681
15488
27611
15355
32078
8145
6267
17200
7307
4652
17825
15182
3766
9770
10018
15766
22883
6492
1558
2514
30452
9134
10367
30629
27083
15686
26871
18219
9933
3188
7425
29206
8035
2209
11559
10060
3506
21785
22796
30372
443
29245
31371
4813
29091
29434
13660
4843
15075
15396
12967
19479
25079
2584
18671
12077
17311
14516
3606
31012
27176
12444
22434
18291
24504
19955
21070
15432
25104
6124
24777
2926
1508
25839
337
6044
20899
10158
17573
22605
17700
29232
4976
11352
17527
13949
2159
13246
12695
28652
14529
9434
9994
27824
28376
27302
10851
25103
21629
11521
4662
14682
3788
31836
1484
23585
4431
1673
28666
25483
11448
2292
17768
26322
12418
18450
4907
17907
8361
23577
15588
13173
4503
4696
23291
17645
17621
26000
5033
28710
32547
9586
19998
3800
7982
18537
4542
8409
28018
30299
32754
8556
17952
2950
2051
3907
23964
3159
25687
138
12951
8704
7484
26406
12663
26618
23779
23779
11957
32032
15693
32040
25314
20632
15252
10029
28396
19253
13355
24621
2255
30735
30664
20221
6947
8432
2648
3286
9948
7546
4096
6487
7671
6367
19762
10511
28536
25256
32374
626
22878
6432
22433
3968
864
5681
18745
27988
27461
20427
27233
17483
1077
1159
9881
27376
15817
22627
6831
10264
29293
24759
30353
19512
9110
1557
3403
1435
25041
18986
22815
20946
9716
16552
27555
28249
26165
3374
11877
21235
11455
10791
17397
2204
2074
28872
23623
23585
10509
21335
20939
24412
3333
27246
25085
16903
9599
29123
23962
843
29723
7052
23550
18309
24462
23947
28566
17610
19011
20285
18555
27241
32312
14108
23925
7378
31979
26458
11958
1712
5810
25273
31510
20586
5492
16011
3033
15116
27358
23987
31127
7897
14395
3967
14726
17984
5638
5432
12652
24323
13040
515
25015
25271
26670
4115
30884
6966
27335
26631
30633
18636
15303
6016
31461
26974
22042
6523
7045
8247
5153
18579
20916
17681
32578
15817
23579
4983
17174
4409
24712
14881
29617
7996
2679
5613
13241
10992
30166
20393
14486
1741
22035
24326
17212
605
13207
30425
14583
16622
1636
27058
8507
23271
4462
25445
31620
15337
9095
1908
7584
21613
27114
28843
9717
18290
1465
17939
18804
1346
10725
15775
125
30913
5868
22673
3740
22442
18762
31299
28859
21127
31728
5278
6852
10434
3851
8698
20341
9834
28584
16013
30927
8248
20760
25594
25110
19629
2970
6528
19558
16132
4235
30228
24688
23934
23629
32385
1624
8418
16379
14320
6669
8854
16498
29423
17647
3657
18707
22218
9914
26254
3078
5116
16279
11116
13649
26884
21910
20077
28724
21571
24809
16926
13503
8488
12951
16561
30679
6776
22739
9391
1289
30576
22713
31414
1034
30279
22741
24596
19602
9505
1298
29987
7776
16689
4223
6646
13737
14294
7177
25134
4456
18948
26298
29772
24260
22427
32408
6689
8896
18324
6217
18756
13629
21517
14512
5248
10051
28540
1371
9373
14457
457
19027
26739
26068
29004
22622
29757
17372
2207
29244
31265
30550
4178
27148
26532
32498
3011
17703
25745
6947
23668
6121
25894
15795
1751
27188
4745
3115
16061
12373
27666
19138
15120
4171
25054
18772
31099
7450
7622
20001
29761
4542
25577
26139
12182
14022
10162
30375
9338
1504
16215
7652
22905
7165
20815
4603
6810
12569
6105
13892
5491
32344
2080
28788
1731
7210
3422
30914
6604
20683
9979
15106
32066
26859
4025
13489
20093
32649
13457
17502
20438
28310
9275
15773
20546
6778
27200
22718
17206
17595
32652
25917
187
12677
2854
25994
8202
23428
12703
12523
22964
20176
23941
1186
7922
29526
4668
3515
390
26867
27118
5833
26595
425
17450
28258
20191
19530
14703
22416
24660
15529
19105
21679
4757
14308
7261
28024
27152
32414
14540
7862
15310
13935
198
8321
9972
1846
27319
25452
3651
30507
20782
10689
31319
25947
654
464
26235
1843
18705
16772
12628
24941
2065
4525
22488
595
16878
8666
21805
4897
13741
14909
26318
10502
12329
9314
26880
8300
6840
4024
18365
5447
29560
7756
27147
27153
19605
6171
7717
28237
23442
15631
7790
29563
20370
2652
8881
3239
18458
28274
22605
22538
5122
3840
6484
28940
13716
10151
17548
25814
28715
8596
32343
25970
29132
31398
7222
15284
10179
10488
23007
9401
24721
18645
21698
2527
22305
3162
15925
671
23089
25882
23535
17138
5150
25160
23305
31659
7018
19112
10163
2448
18058
4495
17875
5035
7498
18514
26081
27281
17725
7744
12720
7006
24656
21204
25439
16642
27869
15164
29837
9139
25241
24677
20330
860
7115
11366
22861
20603
14742
9464
26610
8662
13096
3399
19426
6391
8246
16110
19563
16826
5811
14903
28176
159
1932
25310
22092
2033
5661
20755
28107
708
23226
7034
16299
14824
17654
15266
12836
2831
25592
5846
2343
30684
21350
26088
30424
2220
16623
7065
1101
8828
21937
32022
13043
26112
19525
5406
14161
23361
10963
6641
1011
7021
22356
24739
3599
29444
7412
6672
24580
29348
28305
31326
16866
16582
28766
17791
19011
6659
19813
13862
17452
21804
22724
22852
31156
3520
26797
26714
21268
24686
17268
12318
13905
20811
28505
14227
24361
30084
26625
6569
16512
8375
18314
10684
26521
17114
20264
25776
11143
16376
4300
25996
10092
31910
22112
6350
28721
20010
25962
28546
13291
27700
15449
15724
23188
13214
15674
12566
14368
24831
11478
7450
7012
32453
16977
30473
18361
15042
21817
11332
6067
1014
9641
23869
5861
8481
32603
22928
4620
3786
15458
30279
9693
25709
29540
1053
2244
18166
5696
12965
17206
14456
2166
8880
13573
30290
18750
2487
26377
18343
21743
15099
32565
6672
20537
3957
11984
26931
13131
10706
19618
14721
28
31100
9435
15356
3775
7825
32198
30181
21928
4855
1554
7727
16005
10523
17614
20838
4285
6842
20695
199
3018
11996
4872
6455
24613
31071
23421
32333
12139
1830
9765
27884
2223
9184
18555
12499
4729
16947
21312
5608
569
2165
31358
5955
20968
24745
10809
11835
11972
11386
17941
15303
16087
20742
9982
32113
17283
11918
23620
27616
5718
5084
14704
20157
