16230
27033
29717
6517
1170
19791
3293
24576
2328
17172
16926
26967
11272
2406
12531
19831
8308
25957
9861
23678
27003
13642
14354
10593
27564
17549
12532
87
16376
14308
10553
30531
16434
6692
25076
16330
11028
31365
16827
15622
30211
28500
13298
24276
4014
19990
15675
18486
95
17003
26580
1103
2480
10303
20975
29865
3291
16861
26028
2542
11789
15733
24824
22736
28888
29946
14121
27795
4680
17007
27428
21545
52
21758
22910
18637
14398
13261
18245
14723
7942
3158
32587
19579
27464
27681
17979
3971
23790
24637
25709
29077
12895
17444
5491
24729
31992
4203
18585
4743
2882
26269
31180
6943
18913
4387
12542
11420
14459
25916
30846
4083
17507
3505
23762
20150
15529
7570
1786
24941
16524
13359
14286
23399
29950
27937
17661
10752
30322
28743
9874
2233
29621
2149
22420
22182
24648
24008
17661
7851
23809
7066
32137
13389
17676
15621
5280
21340
20436
16865
19680
21677
2469
3362
14477
9212
22491
20252
27445
13192
25309
31569
11965
8118
10845
18872
14847
12468
11246
17020
4285
30099
19070
13471
19664
11939
3322
14863
30910
26866
26144
31286
23195
21103
3509
22899
25460
21151
5354
18175
27473
15442
16691
4979
21747
25717
9867
8299
26894
32531
14877
4579
11586
7746
10038
30910
25068
16548
17641
17135
15138
31680
8389
30164
3183
882
1146
17951
2072
4933
6777
11620
3840
27613
14707
24801
12051
32485
28948
18668
23114
21285
10805
20310
12857
26313
7063
20002
31172
18645
32418
30824
24931
14443
4019
2182
7731
24522
14056
6683
30775
29488
29780
20682
9718
1304
26065
2057
28755
11917
19163
16775
30149
24996
16098
31787
21556
12997
7221
7603
15881
7205
5903
15472
4612
32004
6022
11451
3856
26921
13658
9933
19151
31822
31658
26666
9528
28817
16427
16055
29713
18477
25660
27419
6752
20730
18948
20464
23239
29582
11205
1966
7142
29145
1466
18571
3014
6757
10764
15823
21461
1520
12135
8523
18145
25816
11543
8041
23981
3906
29263
28370
10260
14271
7694
18947
22736
10227
16255
13879
3973
1791
31410
15283
28212
31129
9221
29602
27018
29055
22440
30161
26190
530
18213
11928
1488
28616
23217
21596
30316
2425
15806
19922
23179
24958
11496
30641
3871
20659
7440
28401
30608
22304
13602
17662
9017
15601
9979
10136
2396
28132
20183
31948
981
25941
5182
17119
31582
23284
18855
6287
25032
17045
11006
16456
6857
21257
1622
19269
18736
1989
12393
25410
32408
14591
31710
21932
25829
2971
5956
2371
22576
20946
7055
19267
17798
20642
21765
23765
26572
4357
6115
10777
372
3986
23843
11217
16727
22471
1741
25200
16602
3051
18287
10899
23635
2051
15100
24658
32091
16045
17481
13247
21838
3473
27460
24210
20635
11115
18837
4360
7527
13812
8886
24107
20347
3252
26114
29427
19485
2643
25145
27095
4255
26590
21084
12103
27436
18084
16409
11080
4519
11594
29119
20665
31388
30446
30698
15920
21689
23791
782
4663
5936
1349
7910
13628
8488
9279
19209
27521
6977
4916
7777
24825
17332
5653
14845
28629
28020
25705
10808
18205
13012
26935
2198
29286
15323
86
29182
25129
32502
28825
5627
15609
28227
15963
29161
9046
11169
3233
22094
20707
19473
15714
24319
13087
4005
12081
27483
1966
1972
5783
10552
26134
28513
2498
13567
3336
24291
12684
218
32536
27319
1605
16399
18473
8134
7012
16786
21417
32430
1600
20006
11152
15605
5658
20856
17808
20907
5410
30578
32297
26553
10506
21994
10543
15840
13108
11947
8658
21188
28390
17383
12603
8351
27758
21637
8662
3369
14647
1282
12463
207
11459
26895
27707
5677
17809
23285
17478
8181
920
2682
18961
32422
26012
6320
18971
19029
9162
7983
17939
11379
5152
31314
18691
21244
32710
12571
386
29732
30777
20222
14460
22588
4296
31359
12611
21726
19843
31203
7992
16437
24812
11959
20844
26825
16671
8978
8654
21961
27795
7383
10550
4021
60
14593
768
15076
30563
24525
22710
30574
25921
16584
8057
17901
5069
4322
28403
15502
14054
17968
13483
22595
28201
18572
14309
1460
5651
6631
5993
20793
26787
23246
6408
5116
17837
1263
14159
3400
31597
6622
6679
29050
16257
623
6872
14325
28629
15004
31997
23325
31099
3815
5391
22543
20817
31147
12822
9735
2085
100
3252
29431
3463
30634
4843
23640
5260
24120
27497
17138
22826
4479
8549
21539
20924
31461
20539
2984
25546
29518
17661
29325
6694
18862
29474
2372
12987
11529
18508
20463
12478
5650
3175
30418
5413
15083
31796
8817
7482
19971
3023
5336
25485
17749
24993
316
12648
23283
10855
19198
19078
14368
4900
2775
13515
31489
28944
3410
18371
3412
16609
8019
5028
23706
22826
5857
18362
21459
1046
29800
221
6245
21272
8559
7737
24606
27921
27280
25678
9211
1010
11753
10812
30462
30060
19733
19896
5471
8129
23466
18891
25651
2942
30071
31846
19792
7224
24626
14309
205
2560
8646
30766
7447
13828
26059
19423
21519
15602
24926
6780
9802
14931
22081
29251
23372
6254
9699
29677
12470
5083
20244
20826
23916
3175
25521
18063
21191
9208
31296
20463
805
19804
495
10444
16811
4892
19824
4959
171
1998
18838
15185
24846
28937
290
3405
12910
23994
10659
5928
20188
1196
13481
22004
6839
14871
16526
7731
24278
5859
30919
16768
19785
8188
14961
2172
31572
5594
15251
14729
770
13834
6130
996
31486
14465
31619
24576
8929
27754
3228
21010
15503
18452
32078
5472
11034
27600
13761
24317
8363
23047
15618
547
7736
27920
22030
22946
23155
3828
6675
29229
6133
14927
17582
31160
27654
32542
31082
17380
114
15441
19732
14674
25228
14649
197
5704
7319
18796
3912
5053
30224
6205
25371
17911
3377
31732
29051
28848
24055
6587
12974
4615
23514
2965
29523
20852
28993
14499
26127
7713
8267
11324
6661
2189
4861
6839
32647
25896
19691
30010
21426
4624
26507
12377
14896
6074
30212
25405
10556
21390
32111
20562
29255
27258
23593
32684
23408
32374
30377
26774
21424
14346
20480
15684
11836
16296
9859
31714
5438
23652
2455
10628
13741
5669
5784
31874
20927
18261
13059
31423
4507
7824
14111
16615
29153
9616
23533
23680
10328
18155
2310
3890
6856
26927
10230
17842
27105
18116
7281
29218
3541
9936
10763
516
2914
32100
13089
31341
18797
19711
22449
8070
22485
27798
16658
28655
21333
27558
23407
32073
32738
7073
17176
29342
11060
1035
29301
10986
1077
20757
1928
10234
27645
31993
9783
3648
19768
3864
28221
8737
16661
21047
14094
11572
4680
27018
12861
3219
11939
581
11397
29229
23216
16514
18044
20144
10348
32667
28218
394
24656
15273
24152
15939
5099
27213
9295
24792
4002
25598
15953
16388
13086
2989
7089
6299
4147
14445
55
9385
28715
26406
26331
10622
18468
23887
11617
19923
25773
23900
32715
32486
903
1820
18300
11296
16271
5070
6203
24106
26873
15073
9422
21854
4883
5988
26543
26259
29846
24450
24469
24713
24346
12351
11264
14133
27767
21908
29346
6640
12162
9113
9691
16981
14774
24404
3712
25097
182
24459
29087
9309
1189
7145
13090
26215
31460
3983
5268
26147
21087
2644
25341
23510
10959
22545
28743
31680
8353
2288
24461
2775
18829
30606
24049
12660
31218
12983
24554
13796
8949
23183
19512
3636
9032
14292
25534
11800
27762
20442
16398
6589
18892
30815
5211
191
22736
21225
1553
7320
23818
20799
24151
15169
4963
29926
99
13940
9387
14418
21818
9061
16567
7294
3268
26733
11991
28122
16187
13124
25297
7343
25825
12277
10472
11303
30040
17407
11105
14652
28251
17888
9033
10922
7740
13420
28620
1641
6174
1761
24440
25616
31206
17469
7908
8779
25827
15345
25352
25400
4683
28639
32283
31757
26886
23059
10606
23812
12094
6278
4142
30007
2037
1503
2158
8350
4172
32255
14312
23708
4994
11786
2987
17904
24269
14269
26555
12510
25720
6091
25923
10473
20757
7805
442
9706
30511
6387
2962
1534
31185
15543
464
8451
25599
9186
22868
4224
31766
2091
1973
28167
7908
15556
29370
28011
7088
20966
31205
22775
12607
19887
13028
23254
19254
23573
13892
5778
15724
15154
22524
891
1171
12881
13107
3038
17962
12019
23310
9040
295
23034
323
28426
10136
4974
3789
4034
32522
8762
24347
24884
22440
32385
16342
20208
12117
19624
3162
6742
3831
176
12793
19040
5067
30402
25968
6709
20525
31421
5154
7400
26238
106
2908
26186
31218
13143
31207
14716
29180
27179
16818
14172
24100
24417
32350
20440
1042
5887
26006
6750
14839
20284
30044
11590
15252
28976
22852
22608
32351
26946
2237
3245
31713
24928
8881
27967
20949
626
24960
757
7210
11920
14556
6052
22640
23890
23757
2535
15791
13131
15954
18446
14385
14628
27016
27140
29437
23250
26344
20124
18150
19408
28159
7204
1177
16271
11660
24124
30196
5978
9073
4011
10751
10216
32293
4806
27372
11000
12835
31395
12414
16216
24761
3729
21054
12937
30205
27841
9197
875
26192
26712
13939
17072
935
8130
1792
25045
31774
31883
25952
30963
17649
26728
17135
18650
1595
11848
17025
1140
13832
5697
18924
21848
26615
15849
8441
9927
30586
13230
19535
12447
27074
13481
12432
14341
10998
28801
3121
1816
4856
21241
8245
14332
5786
940
11961
27929
9984
24897
4331
13036
27261
14264
15381
4090
26303
4328
18700
4950
4651
1927
322
29659
18060
293
3992
18502
14361
29435
18045
11726
984
3125
12819
17734
13992
12635
15182
8469
6283
2651
30257
10873
5215
8160
10350
12445
23311
13858
25170
345
1914
9016
20976
2138
10097
30161
20357
2403
21095
4237
28480
21536
18314
25352
13097
16589
11805
27835
2083
10340
20380
9446
4768
26385
26071
27021
30590
16496
22278
12021
19019
19014
10573
6391
19115
9684
23927
3538
24259
19736
31346
2515
31010
3179
11551
10462
10003
30056
6866
14466
2663
24083
17791
31545
28389
27754
16603
14233
18848
21236
31096
24930
32760
5635
24465
29566
11693
26111
8432
24572
10866
10745
19558
1660
12637
9526
31119
28421
6676
17044
14641
12055
29362
16508
25947
22839
3245
10097
26225
25794
31581
30723
26896
9038
18076
23644
30305
11733
14326
29789
17906
3846
12810
13356
204
4674
10537
30549
32131
28063
23490
24368
9599
7485
15102
4792
25143
10079
16344
4611
13192
16155
8503
6042
14784
13748
12279
17072
3592
16235
14409
13777
5521
21572
28030
29060
27931
18957
25005
29667
14485
11757
25279
18982
10958
4967
20553
2276
16988
28710
31720
13108
12595
25460
2540
26517
4959
26768
27475
32762
32426
20929
18267
1408
30232
21130
9274
9635
22780
9745
10771
31455
18766
28931
10019
16044
20246
15328
10388
31480
8518
25710
27179
1942
29706
26536
26720
8437
12606
14224
25906
6839
30743
21573
13729
17664
26746
32019
22321
13636
5580
11462
32340
30202
18590
1987
7820
28320
19097
25154
28953
11388
3603
11053
31834
12071
18485
30093
23358
19789
10715
6354
5928
13651
3307
22397
14234
23921
6360
3974
17300
15044
808
31948
9973
9162
13695
14242
831
30613
3139
24761
15007
25608
15254
22962
6016
13133
4022
27896
17448
169
26224
7276
29607
5069
65
30087
8755
12604
90
12552
18476
31258
18650
31099
8939
5501
17916
12517
18700
22634
8106
20794
26146
5098
13253
5601
14240
23882
25569
31429
20427
13758
21062
21240
18821
23121
4790
16352
11939
25524
11967
2732
19984
17123
21434
22998
18787
10521
3096
3951
17867
29458
7817
32677
16188
1013
9826
12916
29450
9688
16364
2626
24791
22160
10088
3776
26243
20609
12809
15067
14056
12967
23809
28836
28502
3167
16984
17886
26289
2923
30516
10977
9676
22981
4120
28314
164
2859
2892
31394
29111
32671
24145
11914
20653
16396
11332
15395
21643
15251
30631
4133
18409
18709
6060
16478
32169
17011
8561
5869
14267
27268
29590
6406
2244
24384
5196
26395
11037
19180
2090
23847
20037
13498
29336
16243
21813
6512
19103
32734
19444
2979
12769
1310
4753
2479
1096
13101
21435
12120
14769
7774
24726
14043
23673
2836
12161
26365
15178
32184
2864
21242
18954
12255
15938
29691
26041
27612
20798
28961
6557
14902
5603
6561
742
20544
27542
19136
29623
5658
15123
16225
24706
12899
15996
20236
14762
4514
25774
31635
24143
5899
9535
9220
29022
17273
11959
8236
14922
25263
4977
12355
15767
2896
5978
32216
16926
87
27600
1499
1340
25788
23030
14461
17944
25923
2123
4451
10240
31971
2986
6102
30496
7040
8803
3441
14582
10012
10136
10783
5438
2756
29905
11306
20726
17451
3323
18793
9365
2375
7803
9048
22687
31339
5891
20055
3497
30075
29272
28468
7195
8606
11656
14755
8771
19450
16454
27579
502
11480
11981
6632
26898
18992
4325
2562
2704
29138
3067
10779
9495
7253
17343
8139
3298
21513
19504
18978
25696
28980
2295
10186
16857
8134
3190
9172
25009
24630
26730
28224
11271
19449
24021
31520
22941
10385
25295
2791
849
10035
27722
29894
25628
17471
4511
3977
29971
16819
12657
20875
15677
13624
28463
32156
3947
25879
24371
2724
28185
18410
26955
8389
18835
4970
11731
24063
4665
29088
14696
8474
29969
9656
29430
16663
10915
39
7893
31422
32293
23193
15233
11787
24381
8842
27318
21100
10399
10907
13881
12200
4770
31205
26787
12771
4078
25982
18888
9903
28386
5764
17189
24792
3890
27717
3326
15814
7384
21361
15859
24449
28411
481
19579
14459
28347
24220
29458
5666
32245
25373
13697
26559
32658
28887
24471
4229
28807
20909
292
4532
7095
11981
24242
13923
14367
5140
31937
25578
26957
26077
13392
24452
18372
27111
25866
1969
356
7279
14152
30789
16965
24528
31470
15986
8333
9133
20837
26634
12684
28601
20888
16806
765
12955
25839
26645
629
23963
249
13366
13799
10684
525
9122
8451
30859
8532
26422
6059
2757
17586
9253
12733
24588
5525
12387
27111
20210
23927
8221
540
27304
6927
31472
6376
17480
31031
27015
9774
30120
8231
5004
18999
12830
15828
11029
10149
3272
25199
28671
11788
25164
7001
19702
12869
21001
14161
10090
20925
30861
31168
18279
11784
547
18305
31503
25670
2167
29793
26314
19892
24540
2794
28892
27182
11152
15107
10779
17881
24863
8965
29001
14858
30590
25466
4475
5057
25126
31504
3428
22515
11382
23994
26486
5269
8745
31797
18488
4060
18964
14271
8401
4095
2571
24123
30064
15341
24573
17779
13238
4203
25224
25174
27430
24484
32549
24218
2136
29938
5539
22039
15092
20253
15790
3848
10515
25962
13989
29553
26930
31626
27777
9344
31536
32765
30850
2588
22262
20034
23625
21906
1833
31019
18756
17482
30279
23417
20998
5748
10918
1801
10250
2312
14744
6414
18303
6007
20365
24191
12753
32249
32252
1351
31690
27674
5301
11988
20128
22319
16658
25489
32759
578
30015
20599
260
19684
32220
27659
21165
20363
23737
20256
4372
31850
29637
19666
22629
29174
2171
9056
2596
8165
30628
3788
21991
5190
13921
3123
614
31568
25420
4976
18262
25122
2189
2040
2731
30616
5538
17268
20069
5666
25297
14723
26652
25156
16068
31112
15998
25116
706
18238
6935
1466
29726
14548
1007
29407
25630
27009
20424
23574
5876
25570
26591
10162
12121
4466
13218
8949
14553
6242
15911
26430
15210
4651
18023
30433
9380
12068
1813
3954
14159
31043
8618
7842
29988
19695
25365
19968
24504
9495
1753
29131
6924
19055
15068
10722
14978
25101
21317
30891
7886
14540
7991
17230
14067
26682
11246
21938
20801
28914
368
20878
24186
23570
18875
18116
26541
9339
22428
23683
7063
10895
23947
4235
32308
11838
7038
24168
7299
17587
20918
4095
16166
11674
30173
6831
32400
14691
3878
21396
29573
15288
17223
14833
4824
18479
5672
6831
6318
12817
22668
26336
19114
24354
21311
9873
32392
4804
31074
26777
3784
22101
29548
7067
29136
28852
7902
24599
2103
31435
7096
16174
4432
29721
11139
2421
31765
3323
6476
21256
26865
2144
10523
3987
5714
1894
23077
15849
18902
22958
12038
26330
13733
32734
32228
9090
25239
6668
24507
12504
18419
9933
26584
13113
552
25102
7247
25760
28882
23926
27797
16612
23558
10305
9904
18282
3257
16556
101
10132
31082
11949
20926
4790
22613
20660
9669
13451
20993
9027
7956
5179
30860
21018
11348
25732
19677
24039
11945
22537
13487
2493
28755
3544
26551
11316
29200
19425
29218
29989
13299
29254
2144
23258
15833
7492
23496
2075
24960
2891
11382
19127
25355
659
11231
24115
30796
31760
3556
2496
11050
9230
3377
26841
14061
22026
22973
20727
25661
17511
9688
8555
6331
2301
22519
2417
5966
31067
2412
13738
24839
24299
21921
32456
2916
18229
18158
17006
19286
13791
8024
19255
28968
10170
18224
5696
22751
9646
29395
27680
16254
11685
11998
13092
3567
18128
24171
24009
10309
31475
25568
4906
29136
29751
22051
7256
812
22252
4131
20749
25021
11932
22887
4870
31971
28737
22136
12483
8703
24642
24226
29391
471
21734
6956
7769
19128
32241
22541
11140
1050
7455
27592
29421
29335
22290
16572
28660
8294
1659
22123
15667
7118
4831
20443
24276
32159
28998
15684
10880
18602
13884
6954
29571
17752
10865
3989
451
24277
22476
5026
24932
28461
28253
1836
7832
25505
2940
24388
2428
13238
10196
10263
10305
10660
13242
15650
4769
18168
10950
3822
11620
23605
16614
18223
7523
2072
32000
4028
16429
100
10346
6215
5659
20738
14554
879
8332
1569
21155
30233
123
28401
568
11750
197
32581
32220
22904
23928
25163
1897
12142
27150
24119
2333
6680
10869
27064
13346
21681
28908
23741
2495
24385
29719
7380
23052
17283
31810
23348
20423
10229
4061
19039
4698
38
7651
19306
21862
16814
1669
1772
25048
1480
24829
12551
5095
4138
20144
26924
22663
9355
20863
13350
4157
3589
3808
26802
13348
18378
31505
30174
12545
22189
11040
12571
11969
17980
27302
27107
31035
7878
21455
19970
9866
17562
1622
262
25232
18423
29971
25844
30909
29324
5881
450
13177
2746
25246
22215
31773
26830
8624
26125
2622
16853
27113
3630
30945
32489
12362
22311
23853
30101
10482
17528
19119
21266
14056
1184
3008
10291
59
27379
24312
21743
3770
16947
1722
29571
14365
1941
9734
8631
3238
31085
12681
25816
3076
6503
1771
16213
26225
25250
15732
32298
29267
7933
28216
14949
20004
1442
5430
26428
4971
9982
9576
7150
8967
13780
23386
2877
32421
21461
27781
10026
32710
22402
219
30933
19109
19656
3134
20385
14081
28833
6927
1500
14179
20629
21871
8583
14591
19941
6615
26540
22072
25353
22545
3580
17820
22389
19237
32294
17990
16995
10721
10092
8555
28066
12328
3552
28799
24994
29053
518
21766
29386
26644
31025
2921
9153
7775
27863
22562
3997
19938
15690
26071
1664
16831
16693
19232
1667
14285
28187
15975
10696
2809
31696
27893
7737
29875
26046
6005
16626
31630
25043
10985
16365
10380
19295
16128
31949
11996
31627
24852
21493
28777
17714
16271
22638
10947
23248
9350
9943
23873
15122
18903
22639
31221
21994
15590
744
29369
15401
392
1381
6540
30246
19567
14437
6278
12171
23667
9471
10195
15180
5776
25190
8200
5005
22268
3955
3669
18407
14836
20038
3624
20602
22310
28964
27218
3623
26661
2306
32399
4739
31119
15255
8728
6072
31939
3344
4920
20190
13955
14584
17722
9468
19921
25443
5654
32533
1048
15157
11498
11685
13003
32653
11058
6058
23656
24513
30075
9631
11203
934
400
32463
27259
8257
16674
11659
18434
8477
17662
27309
2037
30534
32338
24834
24158
12618
18205
26463
13222
3936
23838
17299
4257
4959
22376
17419
31115
18175
30881
11336
18095
27441
3663
12773
31250
19214
16508
17481
5006
12982
6539
4622
6985
1378
8375
19495
20551
4891
11330
2759
25478
30014
4239
14438
557
28887
32111
31275
13443
24109
22561
21629
20239
27070
22579
442
13043
30718
23083
31359
27123
16963
4460
1541
3299
15773
30171
3947
4573
18028
3792
20970
19206
458
445
16244
24298
7685
12071
27608
23872
28921
2754
3926
27259
11783
10764
31178
17288
14021
6143
31445
1051
451
9430
16355
32486
24645
11161
19622
8000
17622
32299
28152
11762
16346
6168
6651
31941
12476
5244
15797
28215
24600
13665
27728
7323
30896
22037
2483
4154
7606
24795
16574
23693
24043
7796
3664
9868
1510
6754
11448
10474
6833
1976
14913
27466
22980
2090
18756
8961
490
17019
25659
7806
12126
23253
18299
22078
24250
1387
22626
18391
16598
28329
22021
74
4434
11519
3661
31448
20139
25495
29736
20890
14519
27003
10533
18252
32037
20866
16511
27240
330
31146
4187
9338
8848
2821
27432
29787
4665
29981
23900
5131
21706
28692
775
19129
20527
16753
24244
24142
9280
25067
20088
29999
29537
29989
6295
3886
5454
1086
322
5001
5257
22505
23123
11287
18280
224
14664
25389
4444
6276
28585
8285
32476
25195
9249
18904
27876
31133
30422
5930
21467
11265
25294
23289
2057
19080
9377
32630
16441
680
12642
9879
17985
32341
22758
17310
17739
11619
32696
6606
32231
26707
14314
2356
27657
1653
8716
24653
15264
26505
22908
19468
6487
10664
30020
6166
7035
3628
14811
4603
1140
12961
3549
24040
31189
26018
3743
20848
1995
8290
27883
21338
26069
25985
28238
7949
22078
1033
3288
6829
18968
24947
27439
10158
29662
4578
18728
1992
8617
10468
28238
1108
1504
25895
30768
20826
7111
14713
17780
27768
15809
6108
16335
23954
4068
3096
22520
2426
4511
2185
11088
21991
2895
4669
1786
20141
20249
18648
28277
15953
16638
17248
2496
5051
5803
26447
13963
3983
21255
7892
3410
29388
21612
19848
658
16112
21261
30625
16086
31584
2463
32228
12051
9686
29399
23806
22252
832
11477
1537
31765
17576
31347
14954
5253
7584
5933
25499
26361
7632
19026
6476
25244
12323
25871
4955
1489
1046
8985
32268
27760
25654
2631
3322
11237
4079
3825
21677
5638
14828
32031
2429
7552
8841
15843
18115
10449
3362
4888
993
16110
30945
28630
15943
10727
21743
27677
15001
15676
1686
7592
7964
32018
13203
22252
31281
20429
12118
13175
27301
28358
15484
8695
2806
32296
30931
24208
13754
26477
1579
24632
7232
25215
8842
31124
7674
8157
5937
20902
1816
27104
10831
14173
20816
29768
21401
1505
10949
12485
6071
17547
28262
9699
30265
18156
3679
1365
20545
2038
401
31525
19175
18006
18774
8421
3788
31800
22316
12845
7308
22832
28570
13247
27567
28834
18006
985
19065
16543
1872
15097
24820
15987
16328
20935
30783
28299
11376
17482
31637
14607
13112
29743
29128
14518
28272
8677
18774
9630
31164
17190
26274
25873
31527
1781
18995
22691
7011
25921
11198
25416
3231
27691
21472
16493
23324
14750
9028
7204
24338
13110
16906
4284
8232
11872
6356
20692
21623
5117
22755
31411
12703
21013
23000
10449
6427
18713
7705
19533
24810
3664
9451
31190
25992
31659
10379
6991
24962
3199
26517
6026
31646
32263
24136
22783
24467
18270
320
6960
3687
23376
32456
32152
4918
14782
21527
5583
23693
32420
29109
30371
31490
1499
1152
26576
30540
20226
8522
30355
8497
11107
24587
27465
19876
19451
712
7115
32328
9546
2427
8104
31594
21172
24684
10514
17813
26711
12100
23554
10686
10636
18734
6611
30436
11963
14761
31577
25608
1423
4608
20940
27451
26214
18044
13363
28771
29340
21142
24646
20967
11660
31429
29074
10061
9081
20167
17000
11423
17991
11035
18018
21154
19890
17689
24454
27801
21868
16323
12531
7008
8784
7206
2533
31167
24052
4873
11701
3286
10039
10869
27978
6797
9295
16720
7132
27327
25602
21326
27838
3296
2840
4691
28690
23229
6902
22279
24208
6144
23352
22927
25544
7640
5059
5623
6980
24884
8789
9150
4045
7829
32173
6118
32542
10247
18955
16914
26284
28067
29504
29883
16847
21519
4248
14254
16114
8547
28274
6761
29577
5950
13704
24171
31279
23054
18831
1886
23263
23890
22599
13501
18429
4978
3178
3727
10085
8016
18773
13566
9968
8452
22305
7065
30902
8332
2286
10797
21548
26678
11628
22044
26998
3653
6064
16463
1836
12680
28723
29385
3958
16709
19027
8699
4640
22934
7768
9416
24186
6455
29112
32631
2075
891
14168
26208
29725
10569
18789
9018
13566
21692
8146
9842
6788
1293
32762
15355
3195
13223
13587
23094
10875
15736
17022
2249
29106
6916
22163
16145
10414
8886
7741
8439
21891
12644
29548
3324
8963
12448
11361
9755
15707
30601
997
22879
24092
13345
1022
12803
20340
26300
30616
6227
32636
18995
2057
25888
3357
29378
9874
17844
20158
17832
11693
4822
4277
12205
3237
24996
30737
17150
7575
25479
16551
11487
15746
17252
13003
7145
32704
28926
30409
32262
5282
6834
23408
21174
1305
29780
18497
23699
2726
15023
31627
28053
9650
21380
4897
22320
12302
14226
13738
17590
4445
7578
25052
10386
19418
19028
31395
28666
17109
11897
9975
10749
19010
30943
9009
1350
31927
21247
22886
8111
11532
3910
14597
16140
11027
2663
12470
8357
27999
11950
20143
5837
3177
2774
2029
18006
7976
14051
28392
6392
4780
24934
20625
9241
12501
23506
26792
27102
1157
25782
28215
4734
13872
10945
10914
13871
11704
2963
6715
13307
15340
24687
739
17010
5917
3005
25894
27097
10355
4573
24118
29665
24184
27866
20260
16722
1025
134
7861
31605
8300
16050
13987
28292
8625
15584
21621
19399
19094
32680
517
23617
22938
29188
2116
31829
11905
15977
22919
13477
3811
25693
24873
23548
3407
25888
24572
18547
27051
27349
29239
1954
17833
19004
4904
27517
30944
26364
25620
17780
29174
27804
6217
29444
29056
29040
5537
16360
8484
26669
20561
16304
6670
2338
18881
989
14094
32245
27531
19838
8866
6545
23268
21343
15152
9308
13833
32582
19797
9605
21919
5831
31608
17847
6751
6910
31658
30448
26186
13248
10659
23730
22975
13961
22198
12963
8976
3340
12200
4771
7005
26760
27090
11629
12134
1385
14345
14632
9077
26061
16141
5828
23002
740
25045
21481
8901
28505
23495
17399
13515
19882
23701
29772
18408
22423
6376
26681
22256
2508
5450
17678
17195
19722
11314
12495
13452
22534
23259
32380
24964
2523
9688
24196
29816
18035
26096
17490
22923
6823
20569
29723
2485
27487
24840
30813
18768
26029
403
1881
15538
27797
26245
24733
12084
3853
26454
19204
9882
7729
29803
18134
32074
24392
16213
19498
3497
12162
18314
16266
14329
31187
20713
6538
13730
17438
5680
14627
580
4057
7720
3830
23060
7125
2694
22294
18661
15560
4475
28379
16380
20779
27355
20287
13012
25254
24173
23020
17891
6240
11302
7533
9684
90
21222
4479
5041
23135
16845
23833
17534
17232
20881
29062
24283
30884
22301
27489
17999
6290
3112
9878
24956
18939
30565
11073
1245
17104
8469
8781
8810
13850
4671
12541
7378
31122
18088
6190
19441
15163
17690
27566
14659
6910
22978
22923
28115
21604
16114
18505
11693
16719
31349
18668
3614
19776
16993
6136
27921
32716
26194
14944
32230
40
6535
12727
17890
31215
15365
20726
17310
21922
3243
25618
17786
8923
22716
22780
24292
3197
23874
11128
2023
14014
2816
4678
11801
3049
9724
25448
14179
31819
10588
15446
244
25338
21290
25937
26042
29723
26754
19788
26614
12003
25649
32531
23478
28537
31929
26825
2272
32213
17713
6841
23996
19633
20483
26040
8349
6116
19689
14197
10355
5337
17250
3356
1127
21370
26791
2733
16582
9921
10035
14531
21204
20074
12837
8387
32656
5076
30089
28632
14675
25056
7822
28744
26364
28681
17345
15404
19608
29068
18926
10339
2949
15711
31389
3381
30765
25834
5152
24397
28966
11850
29556
10063
4553
4591
24271
11616
26432
17951
10309
31746
29711
4959
20195
28226
32355
16417
30536
14400
6670
30781
14614
15816
31057
17228
30867
14831
5936
26791
32367
7533
13531
17264
23927
29258
23200
16265
28749
27951
20493
14661
24548
24618
4611
9458
23731
27277
26808
28308
9484
19208
30458
6609
21756
20535
7672
9026
12396
16498
20937
1209
5378
13364
26955
17213
18581
25817
10606
25435
28806
16633
18348
2285
13803
28595
6750
12113
20235
13374
2145
14745
31943
20781
16796
18659
13150
6554
5954
18172
12427
6435
10028
14951
9928
27606
25560
6469
10278
7141
13382
12464
30944
30944
8590
28003
29144
23608
12145
2163
6128
5291
3571
30927
10700
13723
29607
16684
17617
25575
10405
25978
4589
22547
20611
23925
3519
7973
22632
8851
32602
28192
21443
22884
10959
30559
32535
15823
14840
20803
16369
4288
3458
1957
16460
6896
27014
11996
9560
10830
18447
111
4575
21942
29925
3190
12848
5875
4397
3918
12158
16644
6480
13116
14745
16322
6440
9783
27875
20466
27417
10257
30890
9171
421
13006
13213
3817
13245
17036
12378
32058
1009
5032
7626
26069
17299
11880
16270
14446
18356
10507
27275
7314
32745
6543
15475
6240
10219
21740
3381
10792
7945
6808
13422
24136
10654
15411
31461
25632
6003
28254
22268
4038
4950
19201
26613
31453
18048
18820
12963
14106
721
30950
617
21202
4149
2168
31673
28578
8983
9124
12928
19724
5721
7617
29787
4440
11104
12414
17208
32053
9952
23337
16477
23011
12501
27675
554
24993
10508
20655
27931
5945
22318
30364
24027
4481
7221
6532
32276
16342
27593
26103
27612
1108
9115
31053
29666
7746
28069
19070
10109
3367
29370
20461
11878
16967
18598
22306
27391
32228
4063
31987
20679
10051
9969
29357
3152
6220
2640
17595
23161
2301
29831
26803
6810
6221
14631
3480
23575
27183
31974
17281
6457
22675
31889
908
732
12268
1468
19650
17492
17675
28317
1068
6695
222
25757
31292
12057
32130
14789
12947
29295
6348
1110
30564
16955
14899
24933
26696
8279
29493
32324
22246
18698
29766
31855
32335
24339
19409
15902
4171
28844
694
9971
31536
23152
23872
24991
13562
18787
22407
20869
26273
9698
6484
29391
10875
29236
18959
20867
16365
32387
11997
30637
17745
7294
20311
12577
19405
6545
8292
26785
3057
9921
26212
5428
2936
13404
12936
6533
9417
4005
9513
16318
23746
25400
31253
13457
5072
30818
31156
13927
15572
16802
24027
1287
29550
32012
23254
5872
1169
15381
